class	ID	mRNA	ORF_strand	ORF_frame	ORF_start	ORF_end	ORF	Fickett	Hexamer	Coding_prob
MSU	TU309_ORF_1	867	+	1	301	633	333	0.612	0.076328392	0.113253469
MSU	TU309_ORF_2	867	+	3	426	605	180	0.8098	0.254288256	0.085126825
MSU	TU309_ORF_3	867	+	2	602	709	108	1.01	-0.32384473	0.022278567
MSU	TU576_ORF_1	827	+	1	589	825	237	0.8692	-0.206823541	0.060676865
MSU	TU576_ORF_2	827	+	2	476	634	159	0.6519	-0.210119636	0.01617657
MSU	TU576_ORF_3	827	+	1	118	225	108	0.7616	-0.137256073	0.017192028
MSU	TU576_ORF_4	827	+	3	726	827	102	1.1007	-0.100464085	0.049036212
MSU	TU949_ORF_1	469	+	3	243	341	99	0.8032	0.430882642	0.104267527
MSU	TU1004_ORF_1	211	+	1	100	195	96	0.9086	0.033263699	0.07885391
MSU	TU1108_ORF_1	1266	+	2	848	1264	417	0.8277	-0.217191032	0.130974367
MSU	TU1108_ORF_2	1266	+	2	35	196	162	0.7081	-0.433161321	0.006458675
MSU	TU1108_ORF_3	1266	+	3	906	1064	159	0.9168	0.268475982	0.060937764
MSU	TU1108_ORF_4	1266	+	2	338	469	132	0.7599	-0.355788272	0.006992684
MSU	TU1108_ORF_5	1266	+	1	193	309	117	0.7922	0.118693572	0.020828538
MSU	TU1216_ORF_1	479	+	2	158	322	165	0.8312	-0.472211556	0.025063731
MSU	TU1216_ORF_2	479	+	3	75	158	84	0.5836	-0.894486494	0.002119102
MSU	TU1250_ORF_1	1737	+	2	284	505	222	0.5729	-0.319612039	0.005040145
MSU	TU1250_ORF_2	1737	+	3	876	1067	192	0.7822	-0.002380635	0.015612498
MSU	TU1250_ORF_3	1737	+	3	42	224	183	0.7559	-0.496483988	0.004109314
MSU	TU1250_ORF_4	1737	+	2	665	805	141	0.803	-0.26046275	0.005763799
MSU	TU1250_ORF_5	1737	+	3	1599	1736	138	1.0601	-0.075806629	0.019061078
MSU	TU1556_ORF_1	374	+	1	25	321	297	0.7163	-0.265332239	0.09893215
MSU	TU1925_ORF_1	2192	+	1	1882	2178	297	0.7928	-0.130024149	0.016259411
MSU	TU1925_ORF_2	2192	+	3	1746	2006	261	0.7529	0.144897846	0.020142539
MSU	TU1925_ORF_3	2192	+	3	2037	2192	156	0.7971	-0.255686361	0.003545211
MSU	TU1925_ORF_4	2192	+	2	1175	1324	150	0.4924	-0.708015597	0.000445044
MSU	TU1925_ORF_5	2192	+	3	363	500	138	0.921	-0.181291683	0.005286896
MSU	TU1926_ORF_1	2116	+	3	1806	2102	297	0.7928	-0.130024149	0.017984525
MSU	TU1926_ORF_2	2116	+	2	1670	1930	261	0.7529	0.144897846	0.022270324
MSU	TU1926_ORF_3	2116	+	3	363	560	198	0.7969	0.016731718	0.010865033
MSU	TU1926_ORF_4	2116	+	2	1961	2116	156	0.7971	-0.255686361	0.00392674
MSU	TU1926_ORF_5	2116	+	1	1099	1248	150	0.4924	-0.708015597	0.000493104
MSU	TU1927_ORF_1	2168	+	1	1858	2154	297	0.7928	-0.130024149	0.016785829
MSU	TU1927_ORF_2	2168	+	3	1722	1982	261	0.7529	0.144897846	0.020792021
MSU	TU1927_ORF_3	2168	+	3	2013	2168	156	0.7971	-0.255686361	0.003661523
MSU	TU1927_ORF_4	2168	+	2	1151	1300	150	0.4924	-0.708015597	0.000459692
MSU	TU1927_ORF_5	2168	+	3	363	500	138	0.921	-0.181291683	0.005460037
MSU	TU1928_ORF_1	2254	+	3	1944	2240	297	0.7928	-0.130024149	0.014973505
MSU	TU1928_ORF_2	2254	+	2	1808	2068	261	0.7529	0.144897846	0.01855532
MSU	TU1928_ORF_3	2254	+	2	2099	2254	156	0.7971	-0.255686361	0.003261497
MSU	TU1928_ORF_4	2254	+	1	1237	1386	150	0.4924	-0.708015597	0.000409326
MSU	TU1928_ORF_5	2254	+	3	570	698	129	0.9669	0.119065941	0.010579176
MSU	TU1929_ORF_1	2023	+	3	1713	2009	297	0.7928	-0.130024149	0.020341288
MSU	TU1929_ORF_2	2023	+	2	1577	1837	261	0.7529	0.144897846	0.025174317
MSU	TU1929_ORF_3	2023	+	3	363	563	201	0.6515	0.020611472	0.008176144
MSU	TU1929_ORF_4	2023	+	2	1868	2023	156	0.7971	-0.255686361	0.004449663
MSU	TU1929_ORF_5	2023	+	1	1006	1155	150	0.4924	-0.708015597	0.000559027
MSU	TU1930_ORF_1	2185	+	3	1875	2171	297	0.7928	-0.130024149	0.01641125
MSU	TU1930_ORF_2	2185	+	2	1739	1999	261	0.7529	0.144897846	0.020329891
MSU	TU1930_ORF_3	2185	+	2	2030	2185	156	0.7971	-0.255686361	0.003578749
MSU	TU1930_ORF_4	2185	+	1	1168	1317	150	0.4924	-0.708015597	0.000449267
MSU	TU1930_ORF_5	2185	+	3	570	698	129	0.9669	0.119065941	0.011599949
MSU	TU1938_ORF_1	799	+	2	473	721	249	0.8591	0.142540257	0.143267561
MSU	TU1938_ORF_2	799	+	3	195	422	228	0.8614	-0.188897995	0.059385887
MSU	TU1938_ORF_3	799	+	1	169	375	207	0.6535	0.041805985	0.045830695
MSU	TU1938_ORF_4	799	+	3	648	746	99	0.6012	-0.333802592	0.006342259
MSU	TU1938_ORF_5	799	+	2	281	364	84	0.8491	0.449726093	0.072958756
MSU	TU1957_ORF_1	283	+	3	150	251	102	0.8151	-0.14993818	0.038047762
MSU	TU2094_ORF_1	333	+	1	136	231	96	1.059	-0.367986014	0.042220378
MSU	TU2098_ORF_1	448	+	1	49	129	81	0.5419	-0.425975228	0.005802311
MSU	TU2098_ORF_2	448	+	3	216	293	78	0.5298	-0.253490273	0.008214241
MSU	TU2185_ORF_1	421	+	1	10	186	177	0.8063	0.071076065	0.095387357
MSU	TU2185_ORF_2	421	+	2	140	262	123	0.7512	-0.087121912	0.03637086
MSU	TU2185_ORF_3	421	+	1	322	399	78	1.0459	0.145212894	0.09897389
MSU	TU2357_ORF_1	3030	+	3	540	761	222	0.6948	0.062937505	0.003214779
MSU	TU2357_ORF_2	3030	+	2	728	916	189	0.8657	-0.192333224	0.002206256
MSU	TU2357_ORF_3	3030	+	2	2747	2923	177	0.9747	-0.502760311	0.001319511
MSU	TU2357_ORF_4	3030	+	3	1674	1844	171	0.7598	-0.3896018	0.000846531
MSU	TU2357_ORF_5	3030	+	2	2573	2713	141	0.6403	0.1048375	0.001469968
MSU	TU2358_ORF_1	2826	+	2	524	712	189	0.8657	-0.192333224	0.002903696
MSU	TU2358_ORF_2	2826	+	2	2543	2719	177	0.9747	-0.502760311	0.001737121
MSU	TU2358_ORF_3	2826	+	3	1470	1640	171	0.7598	-0.3896018	0.001114615
MSU	TU2358_ORF_4	2826	+	2	2369	2509	141	0.6403	0.1048375	0.001935104
MSU	TU2358_ORF_5	2826	+	2	926	1039	114	0.7432	-0.470246049	0.000527302
MSU	TU2351_ORF_1	1400	+	1	181	285	105	0.6523	0.081716767	0.009399385
MSU	TU2351_ORF_2	1400	+	1	952	1056	105	0.3438	-1.119170355	0.000205292
MSU	TU2351_ORF_3	1400	+	3	957	1043	87	0.503	-0.928997208	0.000451363
MSU	TU2351_ORF_4	1400	+	2	656	733	78	0.7441	-0.691601585	0.001548141
MSU	TU2352_ORF_1	1404	+	1	109	324	216	0.437	-0.37443044	0.004322802
MSU	TU2352_ORF_2	1404	+	2	185	289	105	0.6523	0.081716767	0.009349241
MSU	TU2352_ORF_3	1404	+	2	956	1060	105	0.3438	-1.119170355	0.000204187
MSU	TU2352_ORF_4	1404	+	1	961	1047	87	0.503	-0.928997208	0.000448934
MSU	TU2352_ORF_5	1404	+	3	660	737	78	0.7441	-0.691601585	0.001539817
MSU	TU2354_ORF_1	1026	+	2	578	682	105	0.3438	-1.119170355	0.000340078
MSU	TU2354_ORF_2	1026	+	1	583	669	87	0.503	-0.928997208	0.000747588
MSU	TU2354_ORF_3	1026	+	3	282	359	78	0.7441	-0.691601585	0.002562323
MSU	TU2401_ORF_1	604	+	3	213	362	150	1.0342	-0.160581558	0.069881069
MSU	TU2401_ORF_2	604	+	2	359	475	117	0.6078	-0.540739491	0.006012569
MSU	TU2401_ORF_3	604	+	3	42	119	78	0.6472	-0.119630387	0.013113367
MSU	TU2506_ORF_1	375	+	3	39	371	333	0.8309	-0.563123284	0.095082269
MSU	TU2506_ORF_2	375	+	2	119	355	237	0.6301	-0.542644323	0.024777795
MSU	TU2506_ORF_3	375	+	1	166	375	210	0.6751	-0.618843407	0.018785816
MSU	TU2511_ORF_1	1369	+	2	326	652	327	0.751	-0.260793061	0.040350559
MSU	TU2511_ORF_2	1369	+	3	861	1157	297	0.5223	0.001074479	0.028990198
MSU	TU2511_ORF_3	1369	+	2	1088	1255	168	0.8785	-0.295282819	0.013851773
MSU	TU2511_ORF_4	1369	+	1	595	720	126	0.6841	-0.323783035	0.00494221
MSU	TU2511_ORF_5	1369	+	3	69	170	102	0.6302	-0.245118856	0.004091183
MSU	TU2512_ORF_1	1470	+	2	326	652	327	0.751	-0.260793061	0.035389606
MSU	TU2512_ORF_2	1470	+	2	980	1258	279	0.4866	-0.054162145	0.017129932
MSU	TU2512_ORF_3	1470	+	1	1189	1356	168	0.8785	-0.295282819	0.012107644
MSU	TU2512_ORF_4	1470	+	1	595	720	126	0.6841	-0.323783035	0.004315009
MSU	TU2512_ORF_5	1470	+	3	69	170	102	0.6302	-0.245118856	0.003571595
MSU	TU2513_ORF_1	1481	+	2	326	652	327	0.751	-0.260793061	0.034886176
MSU	TU2513_ORF_2	1481	+	1	991	1269	279	0.4866	-0.054162145	0.016881707
MSU	TU2513_ORF_3	1481	+	3	1200	1367	168	0.8785	-0.295282819	0.011931311
MSU	TU2513_ORF_4	1481	+	1	595	720	126	0.6841	-0.323783035	0.004251678
MSU	TU2513_ORF_5	1481	+	3	69	170	102	0.6302	-0.245118856	0.003519137
MSU	TU2514_ORF_1	1386	+	2	326	715	390	0.7566	-0.283238286	0.064703445
MSU	TU2514_ORF_2	1386	+	2	896	1174	279	0.4866	-0.054162145	0.019147402
MSU	TU2514_ORF_3	1386	+	1	1105	1272	168	0.8785	-0.295282819	0.013541765
MSU	TU2514_ORF_4	1386	+	1	595	705	111	0.8044	-0.283026628	0.006747369
MSU	TU2514_ORF_5	1386	+	3	69	170	102	0.6302	-0.245118856	0.003998735
MSU	TU2516_ORF_1	461	+	2	260	460	201	0.6663	-0.305370631	0.031482641
MSU	TU2695_ORF_1	948	+	2	326	547	222	0.9513	0.138019361	0.124015157
MSU	TU2695_ORF_2	948	+	3	330	497	168	0.7103	-0.020675094	0.027736773
MSU	TU2695_ORF_3	948	+	3	498	638	141	0.9759	0.01158169	0.052192841
MSU	TU2695_ORF_4	948	+	3	168	272	105	0.6933	-0.276203976	0.008326631
MSU	TU2696_ORF_1	1996	+	3	1374	1595	222	0.9513	0.138019361	0.033256734
MSU	TU2696_ORF_2	1996	+	3	915	1103	189	0.7761	-0.300058086	0.005203193
MSU	TU2696_ORF_3	1996	+	1	1378	1545	168	0.7103	-0.020675094	0.006884338
MSU	TU2696_ORF_4	1996	+	1	1546	1686	141	0.9759	0.01158169	0.013204093
MSU	TU2696_ORF_5	1996	+	1	637	720	84	0.7034	-0.415481381	0.001249762
MSU	TU2697_ORF_1	2352	+	2	1730	1951	222	0.9513	0.138019361	0.020831201
MSU	TU2697_ORF_2	2352	+	2	1271	1459	189	0.7761	-0.300058086	0.003224195
MSU	TU2697_ORF_3	2352	+	3	1734	1901	168	0.7103	-0.020675094	0.004268672
MSU	TU2697_ORF_4	2352	+	2	434	592	159	0.6856	-1.023049506	0.000330903
MSU	TU2697_ORF_5	2352	+	3	1902	2042	141	0.9759	0.01158169	0.008207115
MSU	TU2853_ORF_1	821	+	1	601	819	219	0.712	-0.681780925	0.010821445
MSU	TU2853_ORF_2	821	+	1	274	438	165	1.0963	-0.40564362	0.041278269
MSU	TU2853_ORF_3	821	+	3	141	305	165	0.7479	-0.296243119	0.018756573
MSU	TU2853_ORF_4	821	+	1	82	168	87	0.8856	-0.293767929	0.014531182
MSU	TU2900_ORF_1	479	+	2	263	343	81	0.5732	-0.732743415	0.00294372
MSU	TU3262_ORF_1	506	+	2	137	217	81	0.7356	-0.076098327	0.022205092
MSU	TU3262_ORF_2	506	+	2	221	301	81	0.7534	-0.488974594	0.008829007
MSU	TU4049_ORF_1	393	+	2	152	283	132	0.5298	-0.150755798	0.018073902
MSU	TU4049_ORF_2	393	+	3	108	215	108	0.5371	0.026763596	0.022778242
MSU	TU4071_ORF_1	1966	+	2	1388	1870	483	0.6584	-0.31653542	0.046802913
MSU	TU4071_ORF_2	1966	+	1	1060	1497	438	0.413	-0.07911469	0.026617992
MSU	TU4071_ORF_3	1966	+	2	326	436	111	0.8323	-0.553757084	0.001763997
MSU	TU4071_ORF_4	1966	+	3	177	278	102	1.316	0.284563048	0.051440128
MSU	TU4071_ORF_5	1966	+	1	673	771	99	0.7932	-0.474644116	0.001700152
MSU	TU4072_ORF_1	1331	+	3	753	1235	483	0.6584	-0.31653542	0.103709744
MSU	TU4072_ORF_2	1331	+	2	425	862	438	0.413	-0.07911469	0.06054112
MSU	TU4072_ORF_3	1331	+	3	177	278	102	1.316	0.284563048	0.113314991
MSU	TU4072_ORF_4	1331	+	1	664	756	93	0.7847	-0.49163712	0.003546603
MSU	TU4073_ORF_1	1945	+	2	1367	1849	483	0.6584	-0.31653542	0.048083986
MSU	TU4073_ORF_2	1945	+	1	1039	1476	438	0.413	-0.07911469	0.02736243
MSU	TU4073_ORF_3	1945	+	2	305	415	111	0.8323	-0.553757084	0.001814628
MSU	TU4073_ORF_4	1945	+	3	156	257	102	1.316	0.284563048	0.052841093
MSU	TU4073_ORF_5	1945	+	1	652	750	99	0.7932	-0.474644116	0.001748953
MSU	TU4074_ORF_1	1310	+	3	732	1214	483	0.6584	-0.31653542	0.106374621
MSU	TU4074_ORF_2	1310	+	2	404	841	438	0.413	-0.07911469	0.062173702
MSU	TU4074_ORF_3	1310	+	3	156	257	102	1.316	0.284563048	0.116194683
MSU	TU4074_ORF_4	1310	+	1	643	735	93	0.7847	-0.49163712	0.003648211
MSU	TU4301_ORF_1	1021	+	2	104	262	159	0.7818	-0.287948375	0.015429949
MSU	TU4301_ORF_2	1021	+	1	622	717	96	1.3014	-0.022962118	0.077635446
MSU	TU4301_ORF_3	1021	+	2	725	802	78	1.2193	-0.171461231	0.037552133
MSU	TU4302_ORF_1	931	+	2	422	712	291	0.9454	0.187400409	0.227733738
MSU	TU4302_ORF_2	931	+	2	104	262	159	0.7818	-0.287948375	0.01738857
MSU	TU4302_ORF_3	931	+	1	532	627	96	1.3014	-0.022962118	0.086794127
MSU	TU4303_ORF_1	952	+	2	422	733	312	1.0116	0.165181941	0.286421857
MSU	TU4303_ORF_2	952	+	2	104	262	159	0.7818	-0.287948375	0.016910769
MSU	TU4303_ORF_3	952	+	1	553	648	96	1.3014	-0.022962118	0.084573353
MSU	TU4836_ORF_1	841	+	1	439	690	252	0.5852	-0.58743505	0.011949747
MSU	TU4836_ORF_2	841	+	2	329	511	183	0.705	-0.391246987	0.01498964
MSU	TU4836_ORF_3	841	+	3	168	323	156	1.0242	-0.431596337	0.028290022
MSU	TU4836_ORF_4	841	+	1	211	339	129	0.9438	-0.247934659	0.027048583
MSU	TU5117_ORF_1	442	+	3	222	344	123	0.3954	-0.766607444	0.002392109
MSU	TU5117_ORF_2	442	+	2	317	403	87	0.8979	-0.934864597	0.005455407
MSU	TU5775_ORF_1	1060	+	3	852	980	129	0.5215	-0.702811528	0.001884237
MSU	TU5775_ORF_2	1060	+	1	4	120	117	0.3438	-0.487774538	0.001641383
MSU	TU5775_ORF_3	1060	+	2	623	718	96	0.8097	-0.300622769	0.008921239
MSU	TU5775_ORF_4	1060	+	1	922	1002	81	0.9111	-0.783924469	0.00336784
MSU	TU5836_ORF_1	308	+	3	144	296	153	0.4653	-0.412055805	0.010766946
MSU	TU5837_ORF_1	259	+	3	96	257	162	0.7455	-0.308664198	0.036885017
MSU	TU5934_ORF_1	227	+	3	27	152	126	0.7747	-0.339337567	0.028713319
MSU	TU5935_ORF_1	498	+	2	152	241	90	1.2109	-0.371471147	0.05033459
MSU	TU5935_ORF_2	498	+	2	317	394	78	0.9165	0.483709822	0.130171929
MSU	TU5967_ORF_1	925	+	3	39	344	306	0.6734	-0.359518357	0.037991846
MSU	TU5967_ORF_2	925	+	3	432	542	111	0.6263	-0.459588022	0.00476113
MSU	TU5967_ORF_3	925	+	1	7	102	96	0.8602	-0.238820871	0.01442785
MSU	TU6104_ORF_1	707	+	3	219	350	132	1.1188	-0.183514951	0.064107349
MSU	TU6443_ORF_1	1090	+	2	167	406	240	0.5273	-0.335984056	0.011744974
MSU	TU6443_ORF_2	1090	+	1	103	234	132	1.0177	0.13978062	0.060997911
MSU	TU6443_ORF_3	1090	+	3	771	857	87	0.8165	-0.819853684	0.002339441
MSU	TU6443_ORF_4	1090	+	3	396	479	84	0.6855	-0.019910673	0.010287537
MSU	TU6442_ORF_1	1340	+	2	167	406	240	0.5273	-0.335984056	0.008409078
MSU	TU6442_ORF_2	1340	+	2	1073	1294	222	0.5978	-0.102400004	0.01549974
MSU	TU6442_ORF_3	1340	+	1	103	234	132	1.0177	0.13978062	0.044299908
MSU	TU6442_ORF_4	1340	+	3	771	857	87	0.8165	-0.819853684	0.00167046
MSU	TU6442_ORF_5	1340	+	3	396	479	84	0.6855	-0.019910673	0.007362509
MSU	TU6445_ORF_1	1303	+	3	129	431	303	0.5121	0.060428328	0.037032563
MSU	TU6445_ORF_2	1303	+	3	795	998	204	0.6928	-0.129111151	0.017434194
MSU	TU6445_ORF_3	1303	+	3	15	128	114	0.9036	0.140781954	0.028462549
MSU	TU6445_ORF_4	1303	+	1	976	1074	99	1.1087	-0.093214111	0.026805949
MSU	TU6445_ORF_5	1303	+	2	170	259	90	0.8926	-0.208095534	0.009817052
MSU	TU6446_ORF_1	841	+	3	129	536	408	0.5614	0.084431342	0.18305046
MSU	TU6446_ORF_2	841	+	3	15	128	114	0.9036	0.140781954	0.051827221
MSU	TU6446_ORF_3	841	+	1	514	612	99	1.1087	-0.093214111	0.04887915
MSU	TU6446_ORF_4	841	+	2	170	259	90	0.8926	-0.208095534	0.018161918
MSU	TU6451_ORF_1	1992	+	3	618	887	270	0.4592	-0.150545912	0.005767416
MSU	TU6451_ORF_2	1992	+	1	10	261	252	0.6736	-0.346037417	0.005958974
MSU	TU6451_ORF_3	1992	+	1	1534	1776	243	0.7914	-0.246231458	0.010014104
MSU	TU6451_ORF_4	1992	+	2	1310	1498	189	0.7794	-0.237051879	0.00614169
MSU	TU6451_ORF_5	1992	+	3	1521	1667	147	1.0474	-0.249393967	0.009366735
MSU	TU6452_ORF_1	450	+	3	54	209	156	0.6683	-0.111973981	0.034243826
MSU	TU6452_ORF_2	450	+	3	261	374	114	0.5759	-0.610406893	0.005529613
MSU	TU6452_ORF_3	450	+	2	332	427	96	0.7846	-0.47354766	0.012379277
MSU	TU6453_ORF_1	635	+	2	470	595	126	0.706	-0.438397061	0.010754396
MSU	TU6453_ORF_2	635	+	3	99	203	105	0.4412	-0.724102307	0.00200573
MSU	TU6453_ORF_3	635	+	3	477	575	99	0.997	-0.648014963	0.012542063
MSU	TU6453_ORF_4	635	+	2	263	355	93	0.7525	-0.466010114	0.008693283
MSU	TU6453_ORF_5	635	+	1	43	123	81	0.6973	-0.262225887	0.010730373
MSU	TU6472_ORF_1	1378	+	1	304	459	156	0.9225	-0.14215617	0.02022177
MSU	TU6472_ORF_2	1378	+	1	814	945	132	0.9272	-0.186307626	0.015003092
MSU	TU6472_ORF_3	1378	+	3	1260	1376	117	0.7293	-1.124055424	0.000762798
MSU	TU6472_ORF_4	1378	+	3	210	323	114	0.5198	0.117712811	0.007610317
MSU	TU6466_ORF_1	873	+	3	210	371	162	0.5736	0.085307631	0.024698586
MSU	TU6466_ORF_2	873	+	1	352	507	156	0.9225	-0.14215617	0.039209025
MSU	TU6469_ORF_1	864	+	1	343	498	156	0.9225	-0.14215617	0.039669285
MSU	TU6469_ORF_2	864	+	3	210	362	153	0.718	0.154704869	0.041822519
MSU	TU6470_ORF_1	848	+	2	185	346	162	0.5736	0.085307631	0.025524708
MSU	TU6470_ORF_2	848	+	3	327	482	156	0.9225	-0.14215617	0.040500341
MSU	TU6465_ORF_1	493	+	3	210	371	162	0.5736	0.085307631	0.040581086
MSU	TU6465_ORF_2	493	+	1	352	492	141	0.9284	0.022651128	0.0827981
MSU	TU6468_ORF_1	484	+	3	210	362	153	0.718	0.154704869	0.067949436
MSU	TU6468_ORF_2	484	+	1	343	483	141	0.9284	0.022651128	0.083725446
MSU	TU6471_ORF_1	445	+	1	304	444	141	0.9284	0.022651128	0.087853843
MSU	TU6471_ORF_2	445	+	3	210	323	114	0.5198	0.117712811	0.026310542
MSU	TU6467_ORF_1	468	+	2	185	346	162	0.5736	0.085307631	0.041915618
MSU	TU6467_ORF_2	468	+	3	327	467	141	0.9284	0.022651128	0.085397387
MSU	TU6473_ORF_1	710	+	1	436	588	153	0.718	0.154704869	0.050993945
MSU	TU6473_ORF_2	710	+	2	569	709	141	0.9284	0.022651128	0.06309986
MSU	TU6474_ORF_1	671	+	2	530	670	141	0.9284	0.022651128	0.066284808
MSU	TU6474_ORF_2	671	+	1	436	549	114	0.5198	0.117712811	0.019527559
MSU	TU6475_ORF_1	719	+	1	436	597	162	0.5736	0.085307631	0.030233324
MSU	TU6475_ORF_2	719	+	2	578	718	141	0.9284	0.022651128	0.062385409
MSU	TU6463_ORF_1	1162	+	2	989	1135	147	0.4506	-1.039311744	0.00069083
MSU	TU6463_ORF_2	1162	+	3	873	992	120	0.5395	-0.218748824	0.005104215
MSU	TU6463_ORF_3	1162	+	2	767	883	117	0.9182	-0.676731514	0.005324306
MSU	TU6463_ORF_4	1162	+	3	39	137	99	0.7595	-0.371282384	0.005789555
MSU	TU6464_ORF_1	1552	+	2	710	877	168	0.47	-0.657081599	0.001304638
MSU	TU6464_ORF_2	1552	+	2	1379	1525	147	0.4506	-1.039311744	0.000408178
MSU	TU6464_ORF_3	1552	+	1	748	873	126	0.5093	-0.093255816	0.003919139
MSU	TU6464_ORF_4	1552	+	3	1263	1382	120	0.5395	-0.218748824	0.00302129
MSU	TU6464_ORF_5	1552	+	2	1157	1273	117	0.9182	-0.676731514	0.003151851
MSU	TU6556_ORF_1	5339	+	1	3523	3885	363	0.6853	-0.322089579	0.000191701
MSU	TU6556_ORF_2	5339	+	1	3034	3345	312	0.5327	-0.073355304	0.000138511
MSU	TU6556_ORF_3	5339	+	2	3740	4036	297	0.7142	-0.275925428	0.000130571
MSU	TU6556_ORF_4	5339	+	3	2898	3176	279	1.0106	0.00016178	0.000538566
MSU	TU6556_ORF_5	5339	+	3	1197	1448	252	0.6027	-0.250902231	6.60E-05
MSU	TU6703_ORF_1	1715	+	2	887	1252	366	0.7639	-0.020718531	0.064460799
MSU	TU6703_ORF_2	1715	+	3	1425	1664	240	0.5019	0.008566602	0.010689393
MSU	TU6703_ORF_3	1715	+	1	127	315	189	0.9525	-0.069248796	0.022400514
MSU	TU6703_ORF_4	1715	+	1	409	570	162	0.9346	-0.386174502	0.007918157
MSU	TU6703_ORF_5	1715	+	2	752	862	111	0.9638	-0.28967719	0.00696203
MSU	TU6699_ORF_1	1214	+	1	217	582	366	0.7639	-0.020718531	0.11933434
MSU	TU6699_ORF_2	1214	+	3	933	1163	231	0.4678	0.020328917	0.01784508
MSU	TU6699_ORF_3	1214	+	1	82	192	111	0.9638	-0.28967719	0.013600151
MSU	TU6701_ORF_1	1320	+	1	82	486	405	0.9176	-0.072211864	0.190575142
MSU	TU6701_ORF_2	1320	+	2	323	688	366	0.7639	-0.020718531	0.10509603
MSU	TU6701_ORF_3	1320	+	1	1039	1269	231	0.4678	0.020328917	0.015502742
MSU	TU6700_ORF_1	3259	+	1	82	552	471	0.8948	-0.090572565	0.026748056
MSU	TU6700_ORF_2	3259	+	2	389	754	366	0.7639	-0.020718531	0.008498223
MSU	TU6700_ORF_3	3259	+	2	2456	2785	330	0.6607	-0.470490839	0.001538357
MSU	TU6700_ORF_4	3259	+	3	1998	2255	258	0.7752	-0.010613329	0.003484657
MSU	TU6700_ORF_5	3259	+	1	2131	2364	234	0.5784	-0.236172178	0.00089616
MSU	TU6702_ORF_1	3082	+	2	212	577	366	0.7639	-0.020718531	0.010767198
MSU	TU6702_ORF_2	3082	+	2	2279	2608	330	0.6607	-0.470490839	0.001952749
MSU	TU6702_ORF_3	3082	+	1	82	375	294	0.9707	-0.177610681	0.007419556
MSU	TU6702_ORF_4	3082	+	3	1821	2078	258	0.7752	-0.010613329	0.004421008
MSU	TU6702_ORF_5	3082	+	1	1954	2187	234	0.5784	-0.236172178	0.001137759
MSU	TU6714_ORF_1	2964	+	3	1743	2171	429	0.7493	-0.029815335	0.020421385
MSU	TU6714_ORF_2	2964	+	2	2045	2344	300	0.9822	-0.04202141	0.013086919
MSU	TU6714_ORF_3	2964	+	2	1169	1453	285	0.492	-0.246298675	0.001565835
MSU	TU6714_ORF_4	2964	+	1	889	1068	180	0.7829	-0.173207598	0.001807021
MSU	TU6714_ORF_5	2964	+	1	2500	2658	159	1.2006	-0.961753767	0.000821087
MSU	TU6716_ORF_1	3060	+	2	1751	2179	429	0.7493	-0.029815335	0.017983852
MSU	TU6716_ORF_2	3060	+	1	2053	2367	315	1.0211	-0.034437581	0.015043349
MSU	TU6716_ORF_3	3060	+	3	777	1076	300	0.5754	-0.27824354	0.001880997
MSU	TU6716_ORF_4	3060	+	1	1177	1461	285	0.492	-0.246298675	0.001375773
MSU	TU6716_ORF_5	3060	+	1	2596	2754	159	1.2006	-0.961753767	0.000721358
MSU	TU6717_ORF_1	3126	+	2	1817	2245	429	0.7493	-0.029815335	0.016476132
MSU	TU6717_ORF_2	3126	+	1	2119	2433	315	1.0211	-0.034437581	0.013778694
MSU	TU6717_ORF_3	3126	+	1	1243	1527	285	0.492	-0.246298675	0.001258647
MSU	TU6717_ORF_4	3126	+	3	963	1142	180	0.7829	-0.173207598	0.001452586
MSU	TU6717_ORF_5	3126	+	1	2662	2820	159	1.2006	-0.961753767	0.000659909
MSU	TU6721_ORF_1	2841	+	2	1922	2221	300	0.9822	-0.04202141	0.015414275
MSU	TU6721_ORF_2	2841	+	1	1243	1527	285	0.492	-0.246298675	0.001848138
MSU	TU6721_ORF_3	2841	+	3	963	1142	180	0.7829	-0.173207598	0.002132714
MSU	TU6721_ORF_4	2841	+	1	2377	2535	159	1.2006	-0.961753767	0.00096925
MSU	TU6721_ORF_5	2841	+	2	1589	1744	156	1.1057	0.172554591	0.010609984
MSU	TU6722_ORF_1	2978	+	1	1669	2097	429	0.7493	-0.029815335	0.020046729
MSU	TU6722_ORF_2	2978	+	3	1971	2285	315	1.0211	-0.034437581	0.016774691
MSU	TU6722_ORF_3	2978	+	3	1095	1379	285	0.492	-0.246298675	0.001536565
MSU	TU6722_ORF_4	2978	+	2	815	994	180	0.7829	-0.173207598	0.001773251
MSU	TU6722_ORF_5	2978	+	3	2514	2672	159	1.2006	-0.961753767	0.000805728
MSU	TU6784_ORF_1	381	+	2	113	229	117	0.9433	-0.199822406	0.049547798
MSU	TU6796_ORF_1	317	+	2	65	295	231	0.5226	-0.376473863	0.027111533
MSU	TU6796_ORF_2	317	+	3	195	299	105	0.8093	-0.397141553	0.020621807
MSU	TU6868_ORF_1	233	+	3	9	185	177	0.685	-0.40586715	0.028905517
MSU	TU6921_ORF_1	702	+	3	210	455	246	0.6945	-0.18391283	0.048565773
MSU	TU6921_ORF_2	702	+	1	277	519	243	0.648	-0.121064561	0.047688702
MSU	TU6921_ORF_3	702	+	1	25	159	135	1.0416	0.032508533	0.085695519
MSU	TU6921_ORF_4	702	+	2	290	394	105	0.9434	0.134898981	0.063567071
MSU	TU8094_ORF_1	1001	+	2	86	283	198	0.6153	-0.407317806	0.010112959
MSU	TU8094_ORF_2	1001	+	2	623	808	186	0.7905	-0.206912084	0.024875168
MSU	TU8094_ORF_3	1001	+	2	860	1000	141	0.8348	0.136921256	0.042894903
MSU	TU8094_ORF_4	1001	+	1	361	471	111	0.784	-0.711223309	0.003824276
MSU	TU8109_ORF_1	1278	+	1	970	1173	204	0.4718	-0.253992371	0.006832101
MSU	TU8109_ORF_2	1278	+	2	26	130	105	0.8136	-0.810809508	0.002156182
MSU	TU8109_ORF_3	1278	+	1	679	765	87	0.8835	-0.504188372	0.004748551
MSU	TU8110_ORF_1	332	+	3	24	227	204	0.4718	-0.253992371	0.024074569
MSU	TU8111_ORF_1	1199	+	1	574	819	246	0.4276	-0.199637693	0.010912468
MSU	TU8111_ORF_2	1199	+	1	916	1155	240	0.8707	-0.135030477	0.045724355
MSU	TU8111_ORF_3	1199	+	3	24	227	204	0.4718	-0.253992371	0.007595139
MSU	TU8111_ORF_4	1199	+	3	945	1130	186	0.8744	-0.085109307	0.032769717
MSU	TU8111_ORF_5	1199	+	2	527	685	159	0.7846	-0.056755129	0.021190986
MSU	TU8222_ORF_1	1173	+	2	818	1144	327	0.6151	-0.067465971	0.05418727
MSU	TU8222_ORF_2	1173	+	1	928	1083	156	0.7608	-0.343264242	0.010099307
MSU	TU8222_ORF_3	1173	+	3	315	467	153	0.6472	-0.116413078	0.011918402
MSU	TU8222_ORF_4	1173	+	1	82	198	117	0.75	-0.36432728	0.006599888
MSU	TU8222_ORF_5	1173	+	3	507	620	114	0.9578	0.041552598	0.03150025
MSU	TU8219_ORF_1	2011	+	3	1185	1454	270	0.3978	-0.14771316	0.004688383
MSU	TU8219_ORF_2	2011	+	2	299	529	231	0.5214	-0.239093828	0.003906758
MSU	TU8219_ORF_3	2011	+	1	1246	1464	219	0.4517	-0.273806669	0.002610544
MSU	TU8219_ORF_4	2011	+	3	117	314	198	0.5859	-0.615562443	0.001445867
MSU	TU8219_ORF_5	2011	+	1	55	210	156	0.6236	-0.2233138	0.002866782
MSU	TU8220_ORF_1	1571	+	1	745	1014	270	0.3978	-0.14771316	0.008459269
MSU	TU8220_ORF_2	1571	+	2	806	1024	219	0.4517	-0.273806669	0.004718138
MSU	TU8220_ORF_3	1571	+	3	1128	1271	144	1.0016	0.097097647	0.031395388
MSU	TU8220_ORF_4	1571	+	1	55	180	126	0.646	-0.123818926	0.005403254
MSU	TU8220_ORF_5	1571	+	1	259	378	120	0.4734	-0.534034988	0.001129171
MSU	TU8221_ORF_1	1951	+	3	1125	1394	270	0.3978	-0.14771316	0.005081915
MSU	TU8221_ORF_2	1951	+	3	699	932	234	0.7201	-0.252755332	0.007740306
MSU	TU8221_ORF_3	1951	+	2	299	529	231	0.5214	-0.239093828	0.004234962
MSU	TU8221_ORF_4	1951	+	1	1186	1404	219	0.4517	-0.273806669	0.002830164
MSU	TU8221_ORF_5	1951	+	3	117	314	198	0.5859	-0.615562443	0.001567658
MSU	TU8223_ORF_1	321	+	2	5	157	153	0.9947	0.003860542	0.129300133
MSU	TU8223_ORF_2	321	+	1	61	147	87	0.7201	-0.055802928	0.029850377
MSU	TU8224_ORF_1	373	+	2	98	244	147	0.981	-0.137845736	0.082205634
MSU	TU8230_ORF_1	587	+	1	199	507	309	0.9139	0.074538673	0.275781184
MSU	TU8230_ORF_2	587	+	1	16	135	120	0.7912	-0.178186385	0.026014835
MSU	TU8230_ORF_3	587	+	2	404	493	90	0.9209	0.266948821	0.081661329
MSU	TU8231_ORF_1	647	+	1	199	567	369	0.6229	0.004638746	0.17068013
MSU	TU8231_ORF_2	647	+	1	16	135	120	0.7912	-0.178186385	0.024039468
MSU	TU8231_ORF_3	647	+	2	464	553	90	0.9209	0.266948821	0.075789387
MSU	TU8232_ORF_1	583	+	1	199	489	291	0.8679	0.092867097	0.228420877
MSU	TU8232_ORF_2	583	+	3	291	503	213	0.8801	-0.066251305	0.095208812
MSU	TU8232_ORF_3	583	+	1	16	135	120	0.7912	-0.178186385	0.026152004
MSU	TU8268_ORF_1	714	+	1	355	567	213	1.2443	-0.104844635	0.198162683
MSU	TU8268_ORF_2	714	+	3	453	614	162	0.5657	0.141673864	0.033879902
MSU	TU8269_ORF_1	586	+	1	13	486	474	0.5425	0.197038788	0.412011474
MSU	TU8269_ORF_2	586	+	2	227	439	213	1.2443	-0.104844635	0.227053198
MSU	TU8269_ORF_3	586	+	3	72	188	117	1.0855	-0.168062799	0.062038694
MSU	TU8270_ORF_1	648	+	2	65	157	93	0.4416	-0.416493337	0.003706044
MSU	TU8270_ORF_2	648	+	3	531	620	90	1.2132	0.438905735	0.233584591
MSU	TU8272_ORF_1	991	+	1	649	774	126	0.7086	-0.576737425	0.004839194
MSU	TU8272_ORF_2	991	+	3	465	590	126	1.0336	-0.627018841	0.011607266
MSU	TU8272_ORF_3	991	+	2	215	331	117	0.6741	-0.634579785	0.003501698
MSU	TU8295_ORF_1	416	+	2	281	382	102	0.9183	-0.080514849	0.050942046
MSU	TU8295_ORF_2	416	+	2	32	130	99	1.1868	0.545834213	0.349738296
MSU	TU8297_ORF_1	318	+	1	121	255	135	0.8979	-0.123137099	0.065028772
MSU	TU8297_ORF_2	318	+	3	189	269	81	0.7161	-0.384411177	0.012981283
MSU	TU8386_ORF_1	1860	+	1	217	570	354	0.5986	-0.163386157	0.021265781
MSU	TU8386_ORF_2	1860	+	2	575	844	270	0.6041	0.182006881	0.02350769
MSU	TU8386_ORF_3	1860	+	1	1423	1629	207	0.5229	-0.120150212	0.005170487
MSU	TU8386_ORF_4	1860	+	3	504	704	201	0.6203	-0.169486637	0.005877758
MSU	TU8386_ORF_5	1860	+	2	1580	1771	192	1.1198	-0.00562957	0.036384159
MSU	TU8583_ORF_1	740	+	1	61	267	207	1.1221	0.388313761	0.336377217
MSU	TU8583_ORF_2	740	+	3	357	473	117	1.2194	0.129516822	0.142244235
MSU	TU8820_ORF_1	799	+	1	1	303	303	0.5783	-0.124586834	0.056377523
MSU	TU8821_ORF_1	734	+	3	471	671	201	1.0774	-0.116579032	0.111658661
MSU	TU8821_ORF_2	734	+	2	278	469	192	0.9318	-0.321159368	0.043374932
MSU	TU8859_ORF_1	707	+	1	604	684	81	0.8318	-0.280365212	0.014066582
MSU	TU8855_ORF_1	756	+	1	604	684	81	0.8318	-0.280365212	0.013178094
MSU	TU8857_ORF_1	636	+	2	533	613	81	0.8318	-0.280365212	0.015459648
MSU	TU8856_ORF_1	685	+	2	533	613	81	0.8318	-0.280365212	0.014484463
MSU	TU8858_ORF_1	801	+	2	533	613	81	0.8318	-0.280365212	0.012411034
MSU	TU8867_ORF_1	707	+	2	164	271	108	0.9337	-0.091019342	0.03760703
MSU	TU8875_ORF_1	725	+	1	484	642	159	0.8096	-0.090047939	0.039328671
MSU	TU8875_ORF_2	725	+	3	123	215	93	0.5503	-0.451524851	0.004291435
MSU	TU8888_ORF_1	476	+	3	381	476	96	0.8508	-0.040892971	0.040234183
MSU	TU8962_ORF_1	1100	+	3	846	1100	255	0.5605	-0.349239927	0.014165178
MSU	TU8962_ORF_2	1100	+	1	724	849	126	0.8877	-0.741041152	0.004892282
MSU	TU8962_ORF_3	1100	+	2	41	160	120	0.876	0.080340743	0.031270019
MSU	TU8962_ORF_4	1100	+	2	695	796	102	0.7016	-0.369143532	0.005436897
MSU	TU8962_ORF_5	1100	+	1	286	378	93	0.6288	-0.689398789	0.001866603
MSU	TU8963_ORF_1	1096	+	2	842	1096	255	0.5605	-0.349239927	0.01424078
MSU	TU8963_ORF_2	1096	+	2	41	184	144	0.7976	-0.068684817	0.021563016
MSU	TU8963_ORF_3	1096	+	3	720	845	126	0.8877	-0.741041152	0.00491864
MSU	TU8963_ORF_4	1096	+	1	691	792	102	0.7016	-0.369143532	0.005466173
MSU	TU8963_ORF_5	1096	+	3	282	374	93	0.6288	-0.689398789	0.001876691
MSU	TU8964_ORF_1	1075	+	2	821	1075	255	0.5605	-0.349239927	0.014644267
MSU	TU8964_ORF_2	1075	+	3	699	824	126	0.8877	-0.741041152	0.005059356
MSU	TU8964_ORF_3	1075	+	2	41	163	123	1.0836	-0.087827061	0.041634566
MSU	TU8964_ORF_4	1075	+	1	670	771	102	0.7016	-0.369143532	0.005622465
MSU	TU8964_ORF_5	1075	+	3	261	353	93	0.6288	-0.689398789	0.001930549
MSU	TU8965_ORF_1	1163	+	3	909	1163	255	0.5605	-0.349239927	0.013025336
MSU	TU8965_ORF_2	1163	+	2	41	223	183	0.7373	-0.211367245	0.016484699
MSU	TU8965_ORF_3	1163	+	1	787	912	126	0.8877	-0.741041152	0.004495208
MSU	TU8965_ORF_4	1163	+	2	758	859	102	0.7016	-0.369143532	0.004995842
MSU	TU8965_ORF_5	1163	+	1	349	441	93	0.6288	-0.689398789	0.00171468
MSU	TU8979_ORF_1	1205	+	2	1073	1174	102	0.8275	-0.310248725	0.007992642
MSU	TU8979_ORF_2	1205	+	1	616	714	99	0.6459	-0.861638592	0.00119192
MSU	TU8979_ORF_3	1205	+	3	204	290	87	0.7939	-0.703715712	0.0024683
MSU	TU8986_ORF_1	1685	+	1	1318	1572	255	0.4018	-0.49592733	0.002804065
MSU	TU8986_ORF_2	1685	+	1	886	1053	168	0.7323	-0.798373543	0.001743471
MSU	TU8986_ORF_3	1685	+	2	659	802	144	0.6303	-0.019989303	0.006631821
MSU	TU8986_ORF_4	1685	+	2	1457	1567	111	0.8391	-0.638294108	0.002148223
MSU	TU8986_ORF_5	1685	+	1	442	549	108	0.6542	-0.564534027	0.001412785
MSU	TU9299_ORF_1	1575	+	2	827	1033	207	0.5003	-0.241298217	0.005297066
MSU	TU9299_ORF_2	1575	+	3	186	377	192	1.0297	-0.10195279	0.032268652
MSU	TU9299_ORF_3	1575	+	2	317	472	156	0.5656	-0.135152163	0.005322644
MSU	TU9299_ORF_4	1575	+	3	27	152	126	0.7565	-0.157944535	0.006951505
MSU	TU9299_ORF_5	1575	+	3	723	815	93	0.7413	-0.375744331	0.002948968
MSU	TU9300_ORF_1	1776	+	2	1028	1234	207	0.5003	-0.241298217	0.00404336
MSU	TU9300_ORF_2	1776	+	2	362	517	156	0.7338	-0.176116273	0.006173344
MSU	TU9300_ORF_3	1776	+	2	518	673	156	0.5656	-0.135152163	0.004062909
MSU	TU9300_ORF_4	1776	+	3	27	152	126	0.7565	-0.157944535	0.005308317
MSU	TU9300_ORF_5	1776	+	3	471	578	108	0.6861	-0.303650654	0.002575317
MSU	TU9301_ORF_1	2866	+	3	2118	2324	207	0.5003	-0.241298217	0.000931246
MSU	TU9301_ORF_2	2866	+	1	436	609	174	0.7128	-0.142206414	0.001697544
MSU	TU9301_ORF_3	2866	+	2	443	598	156	0.877	0.067902044	0.00396795
MSU	TU9301_ORF_4	2866	+	3	1608	1763	156	0.5656	-0.135152163	0.000935762
MSU	TU9301_ORF_5	2866	+	1	1330	1458	129	0.6001	-0.293633765	0.000560557
MSU	TU9302_ORF_1	1928	+	1	1180	1386	207	0.5003	-0.241298217	0.003295759
MSU	TU9302_ORF_2	1928	+	1	670	825	156	0.5656	-0.135152163	0.003311705
MSU	TU9302_ORF_3	1928	+	2	392	520	129	0.6001	-0.293633765	0.00198573
MSU	TU9302_ORF_4	1928	+	3	27	152	126	0.7565	-0.157944535	0.004327847
MSU	TU9302_ORF_5	1928	+	1	553	669	117	0.8455	0.01832796	0.007998308
MSU	TU9303_ORF_1	1868	+	1	1120	1326	207	0.5003	-0.241298217	0.003572817
MSU	TU9303_ORF_2	1868	+	3	384	560	177	0.4669	-0.087253024	0.003577061
MSU	TU9303_ORF_3	1868	+	1	610	765	156	0.5656	-0.135152163	0.003590099
MSU	TU9303_ORF_4	1868	+	3	27	152	126	0.7565	-0.157944535	0.004691259
MSU	TU9303_ORF_5	1868	+	2	563	670	108	0.6861	-0.303650654	0.002275227
MSU	TU9304_ORF_1	1920	+	2	1172	1378	207	0.5003	-0.241298217	0.003331425
MSU	TU9304_ORF_2	1920	+	2	662	817	156	0.5656	-0.135152163	0.003347543
MSU	TU9304_ORF_3	1920	+	3	384	512	129	0.6001	-0.293633765	0.002007248
MSU	TU9304_ORF_4	1920	+	3	27	152	126	0.7565	-0.157944535	0.004374633
MSU	TU9304_ORF_5	1920	+	2	545	661	117	0.8455	0.01832796	0.008084451
MSU	TU9485_ORF_1	406	+	3	30	257	228	0.8811	-0.020560781	0.14588583
MSU	TU9485_ORF_2	406	+	3	288	404	117	0.4948	-0.905088272	0.002321041
MSU	TU9485_ORF_3	406	+	2	257	346	90	0.65	-0.364496821	0.01070357
MSU	TU9537_ORF_1	476	+	3	324	434	111	0.7112	-0.887308458	0.004066432
MSU	TU9553_ORF_1	4032	+	2	1661	1906	246	0.5691	-0.063202984	0.000516754
MSU	TU9553_ORF_2	4032	+	1	1216	1452	237	0.9207	-0.350015636	0.000709024
MSU	TU9553_ORF_3	4032	+	2	3566	3778	213	0.6162	-0.46082665	0.000171918
MSU	TU9553_ORF_4	4032	+	3	1935	2144	210	0.4364	-0.421976197	0.000105554
MSU	TU9553_ORF_5	4032	+	3	3453	3644	192	1.0116	-0.429278577	0.000521155
MSU	TU9646_ORF_1	2597	+	3	327	506	180	0.7841	-0.380683166	0.001809286
MSU	TU9646_ORF_2	2597	+	1	568	720	153	0.9299	-0.058493161	0.004825062
MSU	TU9646_ORF_3	2597	+	2	677	796	120	1.1898	-0.408614813	0.003471524
MSU	TU9646_ORF_4	2597	+	3	1575	1694	120	0.6672	-0.573933247	0.000467241
MSU	TU9646_ORF_5	2597	+	1	2323	2439	117	1.0274	0.241122941	0.00968015
MSU	TU9647_ORF_1	625	+	3	351	467	117	1.0274	0.241122941	0.122831991
MSU	TU9648_ORF_1	610	+	3	336	452	117	1.0274	0.241122941	0.125030421
MSU	TU9650_ORF_1	3096	+	1	826	1005	180	0.7841	-0.380683166	0.000923303
MSU	TU9650_ORF_2	3096	+	2	1067	1219	153	0.9299	-0.058493161	0.002465943
MSU	TU9650_ORF_3	3096	+	1	2074	2193	120	0.6672	-0.573933247	0.000238283
MSU	TU9650_ORF_4	3096	+	3	1176	1295	120	1.1898	-0.408614813	0.001773012
MSU	TU9650_ORF_5	3096	+	2	2822	2938	117	1.0274	0.241122941	0.00495906
MSU	TU9651_ORF_1	2582	+	3	312	491	180	0.7841	-0.380683166	0.001846228
MSU	TU9651_ORF_2	2582	+	1	553	705	153	0.9299	-0.058493161	0.004923275
MSU	TU9651_ORF_3	2582	+	2	662	781	120	1.1898	-0.408614813	0.003542284
MSU	TU9651_ORF_4	2582	+	3	1560	1679	120	0.6672	-0.573933247	0.000476794
MSU	TU9651_ORF_5	2582	+	1	2308	2424	117	1.0274	0.241122941	0.009876205
MSU	TU9653_ORF_1	387	+	3	87	182	96	0.9705	-0.310266341	0.034587765
MSU	TU9653_ORF_2	387	+	2	95	178	84	0.9376	-0.3888294	0.023540019
MSU	TU10040_ORF_1	770	+	3	24	275	252	0.5412	-0.385338773	0.018525287
MSU	TU10040_ORF_2	770	+	1	133	339	207	0.446	-0.354140994	0.01008219
MSU	TU10040_ORF_3	770	+	2	185	388	204	0.6029	-0.465092665	0.012179675
MSU	TU10040_ORF_4	770	+	3	300	392	93	0.6676	-0.586247025	0.004197367
MSU	TU10064_ORF_1	782	+	3	9	230	222	0.5021	0.045631862	0.03429102
MSU	TU10064_ORF_2	782	+	2	137	247	111	0.5488	0.11682535	0.017893126
MSU	TU10064_ORF_3	782	+	1	49	150	102	0.7718	0.041920056	0.027201895
MSU	TU10064_ORF_4	782	+	2	584	667	84	0.7995	-0.961204418	0.002333865
MSU	TU10406_ORF_1	950	+	1	76	219	144	0.6243	-0.633760687	0.004036342
MSU	TU10406_ORF_2	950	+	3	420	524	105	0.6512	-0.527480647	0.004007949
MSU	TU10406_ORF_3	950	+	1	403	492	90	0.6733	-0.551657641	0.003547204
MSU	TU10406_ORF_4	950	+	2	398	478	81	0.6225	-0.628533903	0.002331677
MSU	TU10406_ORF_5	950	+	2	575	652	78	0.7092	-1.303257732	0.00058865
MSU	TU10403_ORF_1	1614	+	2	317	526	210	0.3838	-0.390145281	0.002527772
MSU	TU10403_ORF_2	1614	+	1	415	603	189	0.6421	-0.346487243	0.005156697
MSU	TU10403_ORF_3	1614	+	2	1196	1312	117	0.8905	-0.224448764	0.007841837
MSU	TU10403_ORF_4	1614	+	2	896	1006	111	0.8191	-0.307788713	0.004899551
MSU	TU10403_ORF_5	1614	+	3	435	542	108	0.6482	-0.401949496	0.002252881
MSU	TU10404_ORF_1	1640	+	1	343	552	210	0.3838	-0.390145281	0.002440803
MSU	TU10404_ORF_2	1640	+	3	441	629	189	0.6421	-0.346487243	0.004979731
MSU	TU10404_ORF_3	1640	+	1	1222	1338	117	0.8905	-0.224448764	0.007573424
MSU	TU10404_ORF_4	1640	+	1	922	1032	111	0.8191	-0.307788713	0.004731367
MSU	TU10404_ORF_5	1640	+	2	461	568	108	0.6482	-0.401949496	0.002175349
MSU	TU10402_ORF_1	801	+	2	383	499	117	0.8905	-0.224448764	0.023137003
MSU	TU10402_ORF_2	801	+	2	83	193	111	0.8191	-0.307788713	0.014540016
MSU	TU10402_ORF_3	801	+	3	120	224	105	0.9636	-0.078397993	0.036503304
MSU	TU10402_ORF_4	801	+	1	268	351	84	0.7526	-0.089380087	0.015733511
MSU	TU10405_ORF_1	1956	+	1	1144	1371	228	0.6912	-0.505339535	0.003652679
MSU	TU10405_ORF_2	1956	+	3	951	1094	144	0.8253	-0.045659912	0.007882195
MSU	TU10405_ORF_3	1956	+	2	383	499	117	0.8905	-0.224448764	0.004956499
MSU	TU10405_ORF_4	1956	+	2	83	193	111	0.8191	-0.307788713	0.003093427
MSU	TU10405_ORF_5	1956	+	3	120	224	105	0.9636	-0.078397993	0.007904871
MSU	TU10587_ORF_1	1324	+	2	254	502	249	0.8153	-0.084224598	0.04006452
MSU	TU10587_ORF_2	1324	+	3	927	1097	171	0.6282	-0.304621403	0.006878267
MSU	TU10587_ORF_3	1324	+	2	644	790	147	1.0354	-0.569875919	0.010297696
MSU	TU10587_ORF_4	1324	+	3	453	545	93	1.1285	-0.276376768	0.017092742
MSU	TU10622_ORF_1	790	+	1	445	594	150	0.7524	-0.23380044	0.020145274
MSU	TU10622_ORF_2	790	+	3	195	338	144	0.3592	-1.189392931	0.000584987
MSU	TU10622_ORF_3	790	+	3	60	185	126	0.6322	-0.46245589	0.00658591
MSU	TU10622_ORF_4	790	+	1	295	393	99	0.4403	-1.323900135	0.000365397
MSU	TU10623_ORF_1	455	+	3	60	197	138	0.8686	-0.111849705	0.052781816
MSU	TU10619_ORF_1	643	+	1	67	315	249	0.5202	-0.062064562	0.042531756
MSU	TU10619_ORF_2	643	+	3	30	176	147	0.7077	0.293044647	0.070035024
MSU	TU10619_ORF_3	643	+	2	236	322	87	0.8171	-0.050936764	0.026465618
MSU	TU10627_ORF_1	398	+	2	146	256	111	0.7685	-0.729129989	0.007850322
MSU	TU10628_ORF_1	402	+	3	150	260	111	0.7685	-0.729129989	0.007808376
MSU	TU10629_ORF_1	385	+	1	133	243	111	0.7685	-0.729129989	0.007988194
MSU	TU10631_ORF_1	389	+	2	137	247	111	0.7685	-0.729129989	0.007945518
MSU	TU10948_ORF_1	567	+	1	367	507	141	0.5968	-0.298541569	0.013409464
MSU	TU10948_ORF_2	567	+	3	42	176	135	0.9419	-0.321044674	0.034190243
MSU	TU10948_ORF_3	567	+	3	450	533	84	0.8501	-0.529120168	0.010203802
MSU	TU10948_ORF_4	567	+	1	214	291	78	0.7439	-0.932158879	0.002671261
MSU	TU10949_ORF_1	502	+	3	42	176	135	0.9419	-0.321044674	0.037209173
MSU	TU10949_ORF_2	502	+	2	320	442	123	0.5563	-0.343026633	0.009937229
MSU	TU10949_ORF_3	502	+	1	385	468	84	0.8501	-0.529120168	0.011129183
MSU	TU10949_ORF_4	502	+	1	214	291	78	0.7439	-0.932158879	0.002915529
MSU	TU10950_ORF_1	420	+	1	220	360	141	0.5968	-0.298541569	0.016304839
MSU	TU10950_ORF_2	420	+	1	34	144	111	0.7309	-0.609392078	0.009034285
MSU	TU10950_ORF_3	420	+	3	303	386	84	0.8501	-0.529120168	0.012415721
MSU	TU10951_ORF_1	409	+	2	227	349	123	0.5563	-0.343026633	0.011251525
MSU	TU10951_ORF_2	409	+	1	88	198	111	0.7309	-0.609392078	0.0091682
MSU	TU10951_ORF_3	409	+	1	292	375	84	0.8501	-0.529120168	0.012599121
MSU	TU11143_ORF_1	985	+	3	219	332	114	0.5334	-0.191029774	0.006438369
MSU	TU11144_ORF_1	980	+	3	219	332	114	0.5334	-0.191029774	0.00648169
MSU	TU11137_ORF_1	1491	+	1	973	1218	246	0.805	-0.042616388	0.033560118
MSU	TU11137_ORF_2	1491	+	1	412	642	231	0.5183	-0.072375043	0.011559062
MSU	TU11137_ORF_3	1491	+	2	1262	1489	228	0.5542	-0.316118332	0.007037891
MSU	TU11137_ORF_4	1491	+	1	682	867	186	0.6454	-0.210703083	0.008270315
MSU	TU11137_ORF_5	1491	+	2	371	514	144	0.6841	-0.033223778	0.009822943
MSU	TU11138_ORF_1	1562	+	3	1044	1289	246	0.805	-0.042616388	0.030586693
MSU	TU11138_ORF_2	1562	+	1	412	651	240	0.7613	-0.309430126	0.013596406
MSU	TU11138_ORF_3	1562	+	1	1333	1560	228	0.5542	-0.316118332	0.006398775
MSU	TU11138_ORF_4	1562	+	3	753	938	186	0.6454	-0.210703083	0.00752013
MSU	TU11138_ORF_5	1562	+	2	371	514	144	0.6841	-0.033223778	0.008933191
MSU	TU11139_ORF_1	1557	+	1	1039	1284	246	0.805	-0.042616388	0.030787464
MSU	TU11139_ORF_2	1557	+	1	412	651	240	0.7613	-0.309430126	0.013687227
MSU	TU11139_ORF_3	1557	+	2	1328	1555	228	0.5542	-0.316118332	0.006441832
MSU	TU11139_ORF_4	1557	+	3	753	953	201	0.7237	-0.266970745	0.009596847
MSU	TU11139_ORF_5	1557	+	2	371	514	144	0.6841	-0.033223778	0.008993147
MSU	TU11140_ORF_1	1436	+	3	918	1163	246	0.805	-0.042616388	0.036053413
MSU	TU11140_ORF_2	1436	+	3	357	587	231	0.5183	-0.072375043	0.012438862
MSU	TU11140_ORF_3	1436	+	1	1207	1434	228	0.5542	-0.316118332	0.007576206
MSU	TU11140_ORF_4	1436	+	3	627	812	186	0.6454	-0.210703083	0.008902051
MSU	TU11140_ORF_5	1436	+	1	316	459	144	0.6841	-0.033223778	0.010572014
MSU	TU11141_ORF_1	1486	+	2	968	1213	246	0.805	-0.042616388	0.033779726
MSU	TU11141_ORF_2	1486	+	1	412	642	231	0.5183	-0.072375043	0.011636435
MSU	TU11141_ORF_3	1486	+	3	1257	1484	228	0.5542	-0.316118332	0.007085217
MSU	TU11141_ORF_4	1486	+	1	682	882	201	0.7237	-0.266970745	0.010551996
MSU	TU11141_ORF_5	1486	+	2	371	514	144	0.6841	-0.033223778	0.009888811
MSU	TU11142_ORF_1	1584	+	1	412	651	240	0.7613	-0.309430126	0.013203803
MSU	TU11142_ORF_2	1584	+	3	1257	1484	228	0.5542	-0.316118332	0.006212699
MSU	TU11142_ORF_3	1584	+	3	753	953	201	0.7237	-0.266970745	0.009256536
MSU	TU11142_ORF_4	1584	+	1	1360	1557	198	0.5656	-0.323827903	0.004850932
MSU	TU11142_ORF_5	1584	+	2	1016	1213	198	0.5043	-0.046688887	0.00778499
MSU	TU11346_ORF_1	606	+	1	361	471	111	0.6566	-0.306568	0.011529834
MSU	TU11346_ORF_2	606	+	3	138	248	111	0.7712	-0.089137532	0.027225177
MSU	TU11346_ORF_3	606	+	2	416	517	102	0.7319	-0.453928449	0.009450129
MSU	TU11510_ORF_1	2776	+	2	53	337	285	1.0001	-0.043313188	0.015522805
MSU	TU11510_ORF_2	2776	+	2	2411	2650	240	0.6932	0.069798748	0.005361735
MSU	TU11510_ORF_3	2776	+	1	1021	1242	222	0.5775	-0.100759917	0.002132151
MSU	TU11510_ORF_4	2776	+	2	1442	1621	180	0.5491	-0.254940201	0.00093158
MSU	TU11510_ORF_5	2776	+	3	2472	2633	162	0.8008	-0.22910636	0.001835351
MSU	TU11511_ORF_1	1724	+	2	53	337	285	1.0001	-0.043313188	0.061245129
MSU	TU11511_ORF_2	1724	+	1	1021	1242	222	0.5775	-0.100759917	0.008763488
MSU	TU11511_ORF_3	1724	+	2	1442	1621	180	0.5491	-0.254940201	0.003843326
MSU	TU11511_ORF_4	1724	+	3	1488	1595	108	0.8286	-0.364989394	0.00369637
MSU	TU11511_ORF_5	1724	+	2	1028	1129	102	0.7996	-0.395929418	0.002978124
MSU	TU11605_ORF_1	723	+	1	532	660	129	0.8102	-0.50148922	0.01161353
MSU	TU11605_ORF_2	723	+	3	231	335	105	0.7932	-0.529135813	0.008367149
MSU	TU11606_ORF_1	824	+	2	260	436	177	0.558	-0.361073978	0.009987262
MSU	TU11606_ORF_2	824	+	3	633	761	129	0.8102	-0.50148922	0.010148326
MSU	TU11606_ORF_3	824	+	1	256	354	99	0.5359	0.006773972	0.011295012
MSU	TU11609_ORF_1	927	+	2	260	436	177	0.9951	-0.109458423	0.058219481
MSU	TU11609_ORF_2	927	+	1	418	546	129	0.5122	-0.768650144	0.00187087
MSU	TU11609_ORF_3	927	+	1	736	864	129	0.8102	-0.50148922	0.008842625
MSU	TU11609_ORF_4	927	+	3	495	593	99	0.9166	-0.609761051	0.007272184
MSU	TU11610_ORF_1	987	+	2	260	436	177	0.9951	-0.109458423	0.053934153
MSU	TU11610_ORF_2	987	+	1	418	546	129	0.5122	-0.768650144	0.001725563
MSU	TU11610_ORF_3	987	+	1	796	924	129	0.8102	-0.50148922	0.00816026
MSU	TU11610_ORF_4	987	+	3	495	599	105	0.7932	-0.529135813	0.005873451
MSU	TU11611_ORF_1	764	+	2	260	430	171	0.7353	-0.401143334	0.016019082
MSU	TU11611_ORF_2	764	+	3	573	701	129	0.8102	-0.50148922	0.010995092
MSU	TU11611_ORF_3	764	+	1	256	354	99	0.5359	0.006773972	0.012236274
MSU	TU12680_ORF_1	788	+	3	147	332	186	0.4278	-0.591950118	0.004391154
MSU	TU12681_ORF_1	895	+	2	254	439	186	0.4278	-0.591950118	0.003802808
MSU	TU12681_ORF_2	895	+	1	43	120	78	0.6412	-0.238730301	0.006573857
MSU	TU12678_ORF_1	258	+	3	147	257	111	0.6555	-0.513822655	0.011182297
MSU	TU12679_ORF_1	365	+	2	254	364	111	0.6555	-0.513822655	0.009692904
MSU	TU12679_ORF_2	365	+	1	43	120	78	0.6412	-0.238730301	0.013352699
MSU	TU12853_ORF_1	534	+	2	347	496	150	0.4069	-0.548848365	0.0046768
MSU	TU12857_ORF_1	363	+	2	185	325	141	0.4069	-0.570553162	0.005161594
MSU	TU12860_ORF_1	519	+	2	365	481	117	0.4085	-0.592874006	0.003227177
MSU	TU12861_ORF_1	389	+	1	235	351	117	0.4085	-0.592874006	0.003843873
MSU	TU12915_ORF_1	538	+	1	97	396	300	0.5319	-0.530852064	0.026342501
MSU	TU13212_ORF_1	600	+	3	6	275	270	0.6668	-0.160527502	0.065723796
MSU	TU13212_ORF_2	600	+	2	317	454	138	0.9706	-0.185743202	0.049933773
MSU	TU13212_ORF_3	600	+	1	304	399	96	1.0021	0.470061516	0.161568413
MSU	TU13212_ORF_4	600	+	3	396	485	90	0.5878	-0.985263149	0.00154718
MSU	TU13212_ORF_5	600	+	2	167	250	84	0.9228	0.346465153	0.091625019
MSU	TU13211_ORF_1	1512	+	1	190	387	198	0.6753	0.048524417	0.018080625
MSU	TU13211_ORF_2	1512	+	3	624	767	144	0.8599	-0.168442605	0.011846697
MSU	TU13211_ORF_3	1512	+	2	1229	1366	138	0.9706	-0.185743202	0.015112967
MSU	TU13211_ORF_4	1512	+	3	1089	1187	99	0.8794	-0.117126338	0.009577786
MSU	TU13211_ORF_5	1512	+	1	1216	1311	96	1.0021	0.470061516	0.053264786
MSU	TU13749_ORF_1	528	+	3	30	212	183	0.681	-0.074236992	0.044105358
MSU	TU14104_ORF_1	469	+	3	387	467	81	0.6331	-0.844323004	0.002746592
MSU	TU14153_ORF_1	327	+	3	57	197	141	0.744	-0.43047843	0.021104886
MSU	TU14167_ORF_1	331	+	3	111	329	219	0.5567	-0.183674638	0.041584032
MSU	TU14167_ORF_2	331	+	2	77	208	132	0.3998	-0.402754501	0.00726778
MSU	TU14167_ORF_3	331	+	1	205	330	126	0.8954	-0.117092108	0.059744437
MSU	TU14167_ORF_4	331	+	2	227	331	105	1.111	-0.310311182	0.060619728
MSU	TU14166_ORF_1	349	+	3	129	347	219	0.5567	-0.183674638	0.040626323
MSU	TU14166_ORF_2	349	+	2	95	226	132	0.3998	-0.402754501	0.007094547
MSU	TU14166_ORF_3	349	+	1	223	348	126	0.8954	-0.117092108	0.058393964
MSU	TU14166_ORF_4	349	+	2	245	349	105	1.111	-0.310311182	0.059250716
MSU	TU14198_ORF_1	430	+	2	35	112	78	1.076	-0.36808387	0.033577865
MSU	TU14462_ORF_1	1032	+	3	732	1031	300	0.6706	-0.33186092	0.033199668
MSU	TU14462_ORF_2	1032	+	1	361	546	186	0.9278	0.080141855	0.069251205
MSU	TU14462_ORF_3	1032	+	1	934	1032	99	0.6592	0.026195342	0.013048677
MSU	TU14462_ORF_4	1032	+	3	216	311	96	0.9239	-0.418962575	0.009909318
MSU	TU14462_ORF_5	1032	+	3	543	623	81	0.9643	-0.665735018	0.005461164
MSU	TU14460_ORF_1	876	+	3	234	440	207	0.7258	-0.147402568	0.033217992
MSU	TU14460_ORF_2	876	+	3	54	191	138	0.798	-0.032279724	0.029814621
MSU	TU14460_ORF_3	876	+	1	220	345	126	0.9292	-0.338481281	0.019477923
MSU	TU14460_ORF_4	876	+	2	278	400	123	0.9695	-0.136402835	0.034352145
MSU	TU14460_ORF_5	876	+	1	22	123	102	0.9102	-0.174701666	0.021950943
MSU	TU14496_ORF_1	1627	+	1	178	285	108	0.8841	-0.580415497	0.002983903
MSU	TU14496_ORF_2	1627	+	2	263	370	108	0.7127	-0.562189279	0.001839482
MSU	TU14496_ORF_3	1627	+	2	1019	1120	102	0.797	-0.354399521	0.003717807
MSU	TU14496_ORF_4	1627	+	1	313	396	84	1.0562	-0.928421478	0.001782056
MSU	TU14497_ORF_1	1565	+	1	178	285	108	0.8841	-0.580415497	0.003243548
MSU	TU14497_ORF_2	1565	+	2	263	370	108	0.7127	-0.562189279	0.001999744
MSU	TU14497_ORF_3	1565	+	3	957	1058	102	0.797	-0.354399521	0.004041053
MSU	TU14497_ORF_4	1565	+	1	313	396	84	1.0562	-0.928421478	0.001937325
MSU	TU14749_ORF_1	534	+	2	236	370	135	0.535	-0.353181983	0.009674313
MSU	TU14749_ORF_2	534	+	1	265	354	90	0.6911	-0.301896827	0.011864977
MSU	TU14796_ORF_1	872	+	1	685	864	180	0.488	-0.465406118	0.006054291
MSU	TU14796_ORF_2	872	+	2	143	268	126	0.7877	-0.145063321	0.020120704
MSU	TU14796_ORF_3	872	+	1	289	378	90	0.9229	-0.309176967	0.015052301
MSU	TU14899_ORF_1	1861	+	1	1189	1395	207	0.6691	-0.488464359	0.003355228
MSU	TU14899_ORF_2	1861	+	3	564	683	120	1.0229	-0.213217479	0.008906761
MSU	TU14899_ORF_3	1861	+	3	1725	1826	102	0.8251	-0.629531262	0.001530943
MSU	TU14899_ORF_4	1861	+	2	638	736	99	0.7266	-0.528124385	0.001403564
MSU	TU14899_ORF_5	1861	+	2	347	442	96	0.5926	-0.552740779	0.000852712
MSU	TU14900_ORF_1	5800	+	2	3905	4225	321	0.6226	-0.220212814	7.47E-05
MSU	TU14900_ORF_2	5800	+	1	4879	5151	273	0.952	-0.365574984	9.52E-05
MSU	TU14900_ORF_3	5800	+	1	1189	1395	207	0.6691	-0.488464359	1.65E-05
MSU	TU14900_ORF_4	5800	+	2	3530	3658	129	0.8258	-0.687769687	8.32E-06
MSU	TU14900_ORF_5	5800	+	3	2019	2147	129	0.4918	-0.468336229	5.03E-06
MSU	TU14898_ORF_1	850	+	1	178	384	207	0.6691	-0.488464359	0.013008073
MSU	TU14898_ORF_2	850	+	3	714	815	102	0.8251	-0.629531262	0.005966822
MSU	TU14898_ORF_3	850	+	1	760	840	81	0.554	-0.726445666	0.001709125
MSU	TU14897_ORF_1	4789	+	2	2894	3214	321	0.6226	-0.220212814	0.000292293
MSU	TU14897_ORF_2	4789	+	1	3868	4140	273	0.952	-0.365574984	0.000372437
MSU	TU14897_ORF_3	4789	+	1	178	384	207	0.6691	-0.488464359	6.46E-05
MSU	TU14897_ORF_4	4789	+	2	2519	2647	129	0.8258	-0.687769687	3.26E-05
MSU	TU14897_ORF_5	4789	+	3	1008	1136	129	0.4918	-0.468336229	1.97E-05
MSU	TU15020_ORF_1	405	+	1	100	195	96	0.9684	-0.445166802	0.024517458
MSU	TU15358_ORF_1	533	+	2	323	460	138	0.5777	-0.621407302	0.005984262
MSU	TU15358_ORF_2	533	+	1	85	219	135	0.7631	0.061415964	0.050747782
MSU	TU15546_ORF_1	442	+	2	182	307	126	0.5825	-0.258062042	0.01464005
MSU	TU15546_ORF_2	442	+	3	27	152	126	0.6932	-0.071064619	0.031704044
MSU	TU15546_ORF_3	442	+	1	133	252	120	0.7703	-0.712369387	0.00838152
MSU	TU15546_ORF_4	442	+	2	314	397	84	0.9017	-0.286159487	0.024993517
MSU	TU15576_ORF_1	329	+	2	53	289	237	0.8314	0.107740214	0.193244405
MSU	TU15576_ORF_2	329	+	1	91	222	132	1.0968	-0.184064118	0.096229711
MSU	TU17222_ORF_1	1621	+	2	8	322	315	0.6556	-0.432490457	0.01310491
MSU	TU17222_ORF_2	1621	+	3	237	416	180	0.7585	-0.044308447	0.0138265
MSU	TU17222_ORF_3	1621	+	1	589	756	168	0.9003	0.117314515	0.027970235
MSU	TU17222_ORF_4	1621	+	2	1394	1534	141	0.9077	-0.150552541	0.012043402
MSU	TU17222_ORF_5	1621	+	1	178	303	126	0.7032	-0.293130159	0.004018954
MSU	TU17582_ORF_1	283	+	3	30	128	99	0.6317	-0.471824921	0.010003848
MSU	TU17721_ORF_1	433	+	3	105	431	327	0.4833	-0.00528925	0.107365134
MSU	TU17721_ORF_2	433	+	2	284	397	114	0.6467	-0.250838196	0.016497078
MSU	TU17721_ORF_3	433	+	2	35	127	93	0.6369	-0.146917325	0.017046707
MSU	TU17720_ORF_1	1468	+	3	105	344	240	0.6686	0.063551566	0.027970369
MSU	TU17720_ORF_2	1468	+	2	521	676	156	0.7616	0.166278057	0.022794676
MSU	TU17720_ORF_3	1468	+	1	313	444	132	0.7819	-0.007653759	0.013056827
MSU	TU17720_ORF_4	1468	+	2	698	823	126	0.6743	0.241879483	0.016119799
MSU	TU17720_ORF_5	1468	+	1	1024	1131	108	0.6977	-0.343285376	0.003674132
MSU	TU17947_ORF_1	492	+	1	64	279	216	0.9552	-0.216056194	0.097079842
MSU	TU18033_ORF_1	429	+	3	114	200	87	0.8158	-0.32235864	0.018495992
MSU	TU18033_ORF_2	429	+	3	327	404	78	0.3621	-0.993020961	0.000858182
MU	TU548_ORF_1	459	+	1	1	195	195	0.9575	-0.005974398	0.134685551
MU	TU548_ORF_2	459	+	1	286	423	138	0.5379	-0.234428081	0.014674576
MU	TU548_ORF_3	459	+	2	329	457	129	0.5665	-0.402690344	0.009931561
MU	TU548_ORF_4	459	+	2	68	157	90	1.3453	0.275492608	0.285415302
MU	TU1274_ORF_1	572	+	2	134	328	195	0.6825	-0.518253731	0.016461255
MU	TU1274_ORF_2	572	+	2	383	535	153	0.8545	-0.405471988	0.025070804
MU	TU1274_ORF_3	572	+	3	387	500	114	1.1029	0.596042155	0.302307211
MU	TU1274_ORF_4	572	+	2	14	118	105	1.1492	-0.265865683	0.055124279
MU	TU1275_ORF_1	569	+	2	131	325	195	0.6825	-0.518253731	0.016526951
MU	TU1275_ORF_2	569	+	2	380	532	153	0.8545	-0.405471988	0.025169981
MU	TU1275_ORF_3	569	+	3	384	497	114	1.1029	0.596042155	0.303162069
MU	TU1275_ORF_4	569	+	2	14	115	102	1.1206	-0.193874403	0.058446911
MU	TU1276_ORF_1	625	+	1	187	381	195	0.6825	-0.518253731	0.015342092
MU	TU1276_ORF_2	625	+	1	436	588	153	0.8545	-0.405471988	0.023380212
MU	TU1276_ORF_3	625	+	2	14	133	120	0.8874	0.015050074	0.051484203
MU	TU1276_ORF_4	625	+	2	440	553	114	1.1029	0.596042155	0.28743352
MU	TU1950_ORF_1	1169	+	3	258	407	150	0.6705	-0.650636541	0.003508951
MU	TU1950_ORF_2	1169	+	2	212	343	132	0.8219	-0.312400312	0.01066999
MU	TU1950_ORF_3	1169	+	1	205	321	117	0.7209	-0.205421073	0.008861752
MU	TU1950_ORF_4	1169	+	3	777	857	81	1.0565	-0.291593767	0.014666983
MU	TU1950_ORF_5	1169	+	2	557	634	78	0.7503	-0.421953636	0.004106255
MU	TU2096_ORF_1	236	+	3	66	230	165	0.5805	-0.406186563	0.018933859
MU	TU2254_ORF_1	702	+	2	218	391	174	0.7657	-0.019915178	0.047470856
MU	TU2254_ORF_2	702	+	2	392	538	147	0.9061	-0.112168187	0.046253224
MU	TU2254_ORF_3	702	+	3	84	224	141	0.8023	-0.019947168	0.039994451
MU	TU2254_ORF_4	702	+	1	208	330	123	0.613	0.245174477	0.036085668
MU	TU2254_ORF_5	702	+	3	567	665	99	0.9123	-0.375142671	0.016907912
MU	TU2256_ORF_1	411	+	3	129	254	126	0.7919	0.159275894	0.07446143
MU	TU2256_ORF_2	411	+	2	104	211	108	0.8611	-0.207629925	0.034013545
MU	TU2492_ORF_1	651	+	2	188	277	90	0.6019	-0.119685093	0.01191425
MU	TU2492_ORF_2	651	+	2	359	442	84	0.5275	-0.503902601	0.003602267
MU	TU2489_ORF_1	904	+	2	689	904	216	0.5767	-0.419814666	0.011628541
MU	TU2489_ORF_2	904	+	1	397	561	165	0.6744	-0.35951161	0.011568505
MU	TU2489_ORF_3	904	+	2	515	661	147	0.5641	-0.241265901	0.009344838
MU	TU2489_ORF_4	904	+	3	804	902	99	0.4255	-0.406205722	0.002700703
MU	TU2680_ORF_1	431	+	1	166	414	249	0.7401	-0.206498738	0.076122676
MU	TU2680_ORF_2	431	+	2	212	388	177	0.8657	-0.194415915	0.061980527
MU	TU2686_ORF_1	1228	+	2	209	349	141	0.7435	-0.773333452	0.002793981
MU	TU2686_ORF_2	1228	+	3	768	860	93	0.6746	-0.682158473	0.001840405
MU	TU2687_ORF_1	1207	+	2	209	328	120	0.9175	-0.654335339	0.005417161
MU	TU2687_ORF_2	1207	+	3	747	839	93	0.6746	-0.682158473	0.001893225
MU	TU2690_ORF_1	1210	+	2	209	331	123	0.8053	-0.678228255	0.003707664
MU	TU2690_ORF_2	1210	+	3	750	842	93	0.6746	-0.682158473	0.001885587
MU	TU2692_ORF_1	1251	+	1	253	372	120	0.9175	-0.654335339	0.005106362
MU	TU2692_ORF_2	1251	+	2	791	883	93	0.6746	-0.682158473	0.001784242
MU	TU2688_ORF_1	872	+	3	771	863	93	0.6746	-0.682158473	0.002972572
MU	TU2689_ORF_1	869	+	2	209	349	141	0.7435	-0.773333452	0.004528329
MU	TU2689_ORF_2	869	+	3	768	860	93	0.6746	-0.682158473	0.002984598
MU	TU2691_ORF_1	848	+	2	209	328	120	0.9175	-0.654335339	0.008765519
MU	TU2691_ORF_2	848	+	3	747	839	93	0.6746	-0.682158473	0.003070155
MU	TU2694_ORF_1	851	+	2	209	331	123	0.8053	-0.678228255	0.00600576
MU	TU2694_ORF_2	851	+	3	750	842	93	0.6746	-0.682158473	0.003057784
MU	TU2693_ORF_1	895	+	1	253	375	123	0.8053	-0.678228255	0.005661384
MU	TU2693_ORF_2	895	+	2	794	886	93	0.6746	-0.682158473	0.002881958
MU	TU2787_ORF_1	789	+	3	252	488	237	0.4902	-0.271027873	0.01778803
MU	TU2787_ORF_2	789	+	2	503	712	210	0.5411	-0.448316243	0.010786271
MU	TU2787_ORF_3	789	+	2	197	349	153	0.6855	-0.243325875	0.016532924
MU	TU2787_ORF_4	789	+	1	493	624	132	0.7086	-0.429438426	0.009500071
MU	TU2787_ORF_5	789	+	2	32	118	87	0.7125	-0.996591155	0.001668702
MU	TU3200_ORF_1	437	+	3	165	287	123	0.6164	-0.481207828	0.009378037
MU	TU3643_ORF_1	227	+	2	146	226	81	0.4771	-0.881951239	0.002151598
MU	TU3649_ORF_1	789	+	2	122	319	198	1.02	-0.276518378	0.060908773
MU	TU3649_ORF_2	789	+	1	454	603	150	0.599	-0.774817593	0.003489638
MU	TU3649_ORF_3	789	+	3	483	569	87	0.6362	-0.550464161	0.003838575
MU	TU3665_ORF_1	444	+	2	62	154	93	0.8539	-0.235931129	0.026242421
MU	TU3850_ORF_1	576	+	3	282	380	99	0.5001	-0.654905536	0.002913521
MU	TU3977_ORF_1	360	+	2	5	226	222	0.7728	0.105315754	0.143049207
MU	TU3977_ORF_2	360	+	3	165	254	90	0.9047	-0.167713648	0.038919626
MU	TU3977_ORF_3	360	+	1	76	159	84	0.7366	-0.090438833	0.026787402
MU	TU4069_ORF_1	291	+	2	209	289	81	0.925	0.279965494	0.113431389
MU	TU4315_ORF_1	380	+	3	126	308	183	0.6592	-0.233172533	0.034726648
MU	TU4315_ORF_2	380	+	2	290	379	90	0.6843	-0.374317915	0.012019917
MU	TU4490_ORF_1	1454	+	3	1104	1409	306	0.646	-0.450114411	0.014095919
MU	TU4490_ORF_2	1454	+	1	361	504	144	0.9527	-0.199286088	0.015777104
MU	TU4490_ORF_3	1454	+	1	214	324	111	0.5957	-0.25777468	0.00344732
MU	TU4490_ORF_4	1454	+	2	866	976	111	0.8712	-0.23379985	0.008497282
MU	TU4490_ORF_5	1454	+	2	407	511	105	1.0452	0.302279672	0.04790235
MU	TU4491_ORF_1	1511	+	3	1161	1466	306	0.646	-0.450114411	0.01306561
MU	TU4491_ORF_2	1511	+	1	418	561	144	0.9527	-0.199286088	0.014625736
MU	TU4491_ORF_3	1511	+	2	923	1033	111	0.8712	-0.23379985	0.007872925
MU	TU4491_ORF_4	1511	+	2	464	568	105	1.0452	0.302279672	0.044512601
MU	TU4491_ORF_5	1511	+	3	816	911	96	0.6125	-0.171382038	0.003621461
MU	TU4492_ORF_1	1365	+	1	1015	1320	306	0.646	-0.450114411	0.015866843
MU	TU4492_ORF_2	1365	+	2	272	415	144	0.9527	-0.199286088	0.017755438
MU	TU4492_ORF_3	1365	+	3	777	887	111	0.8712	-0.23379985	0.009571657
MU	TU4492_ORF_4	1365	+	3	318	422	105	1.0452	0.302279672	0.053689214
MU	TU4492_ORF_5	1365	+	1	670	765	96	0.6125	-0.171382038	0.004406935
MU	TU5175_ORF_1	779	+	1	436	639	204	0.937	-0.04771335	0.085030658
MU	TU5176_ORF_1	673	+	3	330	533	204	0.937	-0.04771335	0.096844714
MU	TU5177_ORF_1	869	+	1	526	729	204	0.937	-0.04771335	0.076042567
MU	TU5897_ORF_1	563	+	2	38	223	186	0.5743	-0.255681992	0.02060784
MU	TU5896_ORF_1	444	+	2	38	148	111	0.8766	-0.10908017	0.043935537
MU	TU5898_ORF_1	389	+	2	38	223	186	0.5743	-0.255681992	0.025922689
MU	TU5815_ORF_1	265	+	3	159	263	105	0.5404	-0.825329422	0.003514904
MU	TU5932_ORF_1	388	+	3	123	377	255	0.5559	-0.200131354	0.050310282
MU	TU5932_ORF_2	388	+	2	113	199	87	1.1633	0.042892125	0.122609833
MU	TU6078_ORF_1	397	+	1	133	312	180	0.4092	-0.042330843	0.024423265
MU	TU6078_ORF_2	397	+	3	126	233	108	0.7014	0.104749144	0.044343441
MU	TU6078_ORF_3	397	+	3	288	377	90	1.3366	-0.18844539	0.121939663
MU	TU6574_ORF_1	821	+	3	9	221	213	0.7321	-0.137310106	0.039169662
MU	TU6574_ORF_2	821	+	2	257	346	90	0.8981	0.09549247	0.038507714
MU	TU6575_ORF_1	1055	+	3	336	578	243	0.5889	-0.357610852	0.014476697
MU	TU6575_ORF_2	1055	+	3	9	200	192	0.6653	-0.027141768	0.025499784
MU	TU6576_ORF_1	628	+	3	9	242	234	0.8134	-0.095129181	0.083052677
MU	TU6577_ORF_1	1175	+	3	9	173	165	0.4545	-0.07153852	0.008155756
MU	TU6577_ORF_2	1175	+	3	312	410	99	1.0075	-0.606544481	0.00694261
MU	TU6577_ORF_3	1175	+	2	611	700	90	0.8981	0.09549247	0.024233093
MU	TU6578_ORF_1	895	+	3	9	200	192	0.6653	-0.027141768	0.031454136
MU	TU6578_ORF_2	895	+	3	336	509	174	0.8439	-0.056431862	0.042861048
MU	TU6579_ORF_1	1170	+	2	611	784	174	0.8439	-0.056431862	0.029967476
MU	TU6579_ORF_2	1170	+	3	9	173	165	0.4545	-0.07153852	0.008210537
MU	TU6579_ORF_3	1170	+	3	312	410	99	1.0075	-0.606544481	0.0069893
MU	TU6580_ORF_1	900	+	3	9	200	192	0.6653	-0.027141768	0.031249158
MU	TU6580_ORF_2	900	+	3	336	425	90	0.8981	0.09549247	0.034747814
MU	TU6581_ORF_1	603	+	3	9	167	159	0.5348	-0.125357901	0.018646804
MU	TU6582_ORF_1	623	+	3	9	182	174	0.6656	-0.080378858	0.034020436
MU	TU6582_ORF_2	623	+	1	151	237	87	0.955	-0.319385103	0.021946371
MU	TU6792_ORF_1	1425	+	1	1030	1269	240	0.9492	0.161919488	0.084037218
MU	TU6792_ORF_2	1425	+	3	1083	1310	228	1.0948	0.004379037	0.081369627
MU	TU7044_ORF_1	251	+	2	104	250	147	1.0034	0.230961719	0.215183824
MU	TU7044_ORF_2	251	+	1	58	168	111	1.105	-0.334182988	0.065662841
MU	TU8099_ORF_1	490	+	3	90	248	159	0.4379	-0.366495969	0.009119083
MU	TU8099_ORF_2	490	+	1	208	333	126	1.0492	-0.40311137	0.039821383
MU	TU8099_ORF_3	490	+	2	104	202	99	0.5552	-0.542840153	0.005063999
MU	TU8099_ORF_4	490	+	1	97	180	84	0.5518	-0.496407001	0.004906329
MU	TU8367_ORF_1	319	+	1	94	189	96	1.0746	0.431689471	0.243101837
MU	TU8715_ORF_1	832	+	1	703	822	120	0.8351	-0.632809566	0.007325728
MU	TU8715_ORF_2	832	+	1	583	663	81	0.3682	-0.919107172	0.000622507
MU	TU8715_ORF_3	832	+	2	278	358	81	0.6087	-0.46443671	0.003878872
MU	TU8715_ORF_4	832	+	2	611	691	81	0.6134	-0.772366478	0.001883465
MU	TU8795_ORF_1	971	+	2	473	751	279	0.912	-0.358327382	0.057654289
MU	TU8795_ORF_2	971	+	3	252	398	147	0.9531	0.085058135	0.058902431
MU	TU8795_ORF_3	971	+	3	591	692	102	0.899	-0.875753302	0.003533854
MU	TU8795_ORF_4	971	+	2	95	178	84	0.3652	-0.662181158	0.000972232
MU	TU8819_ORF_1	323	+	3	189	281	93	1.0015	-0.543104858	0.023377434
MU	TU9000_ORF_1	3230	+	1	1201	1590	390	0.5296	-0.106387031	0.004337728
MU	TU9000_ORF_2	3230	+	2	914	1303	390	0.5333	-0.064861995	0.004844767
MU	TU9000_ORF_3	3230	+	2	1559	1780	222	0.5685	-0.85394658	0.000184715
MU	TU9000_ORF_4	3230	+	2	689	871	183	0.5524	-0.639289826	0.000208335
MU	TU9000_ORF_5	3230	+	3	1911	2084	174	0.9102	-0.232141095	0.001538755
MU	TU9001_ORF_1	1575	+	2	914	1303	390	0.5333	-0.064861995	0.043485886
MU	TU9001_ORF_2	1575	+	1	1201	1572	372	0.8044	-0.06869117	0.081421167
MU	TU9001_ORF_3	1575	+	2	689	871	183	0.5524	-0.639289826	0.001942154
MU	TU9001_ORF_4	1575	+	3	243	410	168	0.7156	-0.392616518	0.005069328
MU	TU9001_ORF_5	1575	+	1	334	465	132	0.8842	-0.657841991	0.003287075
MU	TU9141_ORF_1	1000	+	3	477	647	171	0.9369	-0.136377871	0.039952698
MU	TU9141_ORF_2	1000	+	2	8	157	150	0.4352	-0.751010854	0.001679863
MU	TU9141_ORF_3	1000	+	2	326	439	114	0.8346	0.143832179	0.034664781
MU	TU9141_ORF_4	1000	+	1	373	480	108	0.8211	-0.376750106	0.00927879
MU	TU9141_ORF_5	1000	+	1	892	999	108	0.9645	-0.349763532	0.015312293
MU	TU9310_ORF_1	442	+	1	106	318	213	0.7343	0.114738769	0.111386908
MU	TU9306_ORF_1	945	+	1	754	840	87	0.7505	-0.700741748	0.003086921
MU	TU9306_ORF_2	945	+	1	40	120	81	0.8791	-0.006490476	0.02257716
MU	TU9307_ORF_1	871	+	2	680	766	87	0.7505	-0.700741748	0.003410112
MU	TU9307_ORF_2	871	+	1	40	120	81	0.8791	-0.006490476	0.024889968
MU	TU9309_ORF_1	1399	+	1	499	780	282	0.5597	-0.40519468	0.010517262
MU	TU9309_ORF_2	1399	+	3	723	860	138	0.9809	-0.284148122	0.014360591
MU	TU9309_ORF_3	1399	+	3	456	584	129	0.7963	-0.292683527	0.007404283
MU	TU9309_ORF_4	1399	+	2	1040	1165	126	0.6166	-1.073390906	0.000640591
MU	TU9309_ORF_5	1399	+	1	40	120	81	0.8791	-0.006490476	0.012360028
MU	TU9311_ORF_1	465	+	1	277	399	123	0.6279	-0.413303139	0.010994075
MU	TU9308_ORF_1	1131	+	2	455	592	138	0.9809	-0.284148122	0.020491904
MU	TU9308_ORF_2	1131	+	1	772	897	126	0.6166	-1.073390906	0.000919559
MU	TU9308_ORF_3	1131	+	3	399	512	114	0.6087	-0.491462405	0.003253359
MU	TU9343_ORF_1	201	+	3	21	110	90	0.5793	-0.696266942	0.005148589
MU	TU9342_ORF_1	221	+	3	21	110	90	0.5793	-0.696266942	0.005012131
MU	TU9359_ORF_1	793	+	2	365	727	363	0.61	-0.260891024	0.075301714
MU	TU9359_ORF_2	793	+	1	460	597	138	0.6765	-0.506525553	0.007515784
MU	TU9359_ORF_3	793	+	3	498	614	117	0.7754	-0.489002136	0.008819381
MU	TU9359_ORF_4	793	+	3	306	395	90	0.4562	-0.251045554	0.004612719
MU	TU9645_ORF_1	742	+	1	157	285	129	0.8311	-0.576887244	0.010090472
MU	TU9645_ORF_2	742	+	1	640	741	102	1.1213	-0.118755797	0.055696413
MU	TU10021_ORF_1	574	+	3	273	470	198	0.7102	-0.70524362	0.01177906
MU	TU10593_ORF_1	415	+	1	16	117	102	0.4849	-0.220140725	0.009999402
MU	TU10618_ORF_1	725	+	2	8	181	174	0.9248	-0.111842417	0.059527099
MU	TU10618_ORF_2	725	+	2	569	661	93	0.9212	-0.110107831	0.029782021
MU	TU10618_ORF_3	725	+	2	242	331	90	0.6365	0.132564758	0.021755337
MU	TU11075_ORF_1	203	+	2	119	202	84	0.6937	-0.090157284	0.028962368
MU	TU11148_ORF_1	289	+	3	84	287	204	0.7839	-0.318540049	0.055383564
MU	TU11148_ORF_2	289	+	2	194	289	96	0.4218	-0.237578158	0.0088835
MU	TU11394_ORF_1	381	+	1	94	231	138	0.623	-0.196844509	0.023001921
MU	TU12318_ORF_1	461	+	1	82	297	216	0.5392	0.033499877	0.053533411
MU	TU12318_ORF_2	461	+	2	347	460	114	0.8515	-0.290095234	0.026901729
MU	TU12431_ORF_1	1386	+	1	1003	1386	384	0.7501	-0.366209059	0.050054638
MU	TU12431_ORF_2	1386	+	2	794	946	153	1.2182	0.320307053	0.130544224
MU	TU12431_ORF_3	1386	+	2	131	262	132	0.5447	-0.531300447	0.002019756
MU	TU12431_ORF_4	1386	+	3	987	1106	120	0.8298	-0.217819885	0.009217573
MU	TU12431_ORF_5	1386	+	2	1148	1240	93	1.0533	-0.566667022	0.006279982
MU	TU12590_ORF_1	222	+	2	119	220	102	1.0286	-0.354658819	0.048311859
MU	TU12682_ORF_1	631	+	2	440	553	114	0.6757	-0.499356594	0.007674535
MU	TU12682_ORF_2	631	+	2	59	136	78	0.9411	-0.223248543	0.024137077
MU	TU12756_ORF_1	592	+	1	40	591	552	0.5644	0.015496584	0.489583073
MU	TU12755_ORF_1	573	+	3	174	572	399	0.5326	0.087924834	0.215157789
MU	TU12946_ORF_1	525	+	1	304	477	174	0.6573	-0.051031233	0.040346712
MU	TU12946_ORF_2	525	+	3	258	422	165	0.5229	0.28635792	0.054495843
MU	TU12946_ORF_3	525	+	2	314	463	150	0.7701	-0.018937698	0.049429591
MU	TU12956_ORF_1	736	+	2	323	484	162	0.5688	-0.375208852	0.009844497
MU	TU12956_ORF_2	736	+	1	589	681	93	0.7021	-1.409431837	0.000680394
MU	TU13281_ORF_1	623	+	2	155	334	180	0.4039	-0.405707889	0.007532947
MU	TU13281_ORF_2	623	+	1	58	192	135	0.6964	-0.637163638	0.007157762
MU	TU13283_ORF_1	665	+	2	269	523	255	0.63	-0.236235769	0.040312094
MU	TU13283_ORF_2	665	+	3	441	614	174	0.5504	-0.605492506	0.006572441
MU	TU13283_ORF_3	665	+	1	31	177	147	1.008	-0.214872593	0.051735198
MU	TU13283_ORF_4	665	+	1	193	330	138	0.6583	-0.660272755	0.005849755
MU	TU13283_ORF_5	665	+	2	527	658	132	0.7597	-0.417584773	0.013473424
MU	TU13493_ORF_1	205	+	3	3	116	114	0.6854	-0.190297989	0.02887392
MU	TU13493_ORF_2	205	+	1	97	204	108	0.4328	0.071849769	0.023692689
MU	TU14114_ORF_1	417	+	2	323	403	81	0.8811	-0.438800504	0.016521282
MU	TU14527_ORF_1	1284	+	2	587	892	306	0.4704	-0.455021479	0.010236094
MU	TU14527_ORF_2	1284	+	1	892	993	102	0.9313	-0.480515598	0.006585372
MU	TU14527_ORF_3	1284	+	2	68	154	87	0.6727	-0.166200974	0.005528204
MU	TU14527_ORF_4	1284	+	1	205	285	81	0.957	-0.031232338	0.017213111
MU	TU14527_ORF_5	1284	+	3	1020	1100	81	0.556	-0.143669488	0.0038674
MU	TU14536_ORF_1	201	+	2	35	148	114	0.3506	-0.732103523	0.002892143
MU	TU14812_ORF_1	725	+	2	242	676	435	0.6128	0.058824501	0.268305861
MU	TU14812_ORF_2	725	+	3	603	698	96	0.8219	-0.367810616	0.012349267
MU	TU14812_ORF_3	725	+	3	81	173	93	1.0708	0.002872988	0.060024392
MU	TU14881_ORF_1	290	+	2	173	271	99	0.4842	-0.586859457	0.004796097
MU	TU14891_ORF_1	849	+	2	656	799	144	0.7548	0.088841957	0.037850145
MU	TU14891_ORF_2	849	+	3	687	818	132	0.589	-0.422342155	0.006183006
MU	TU14891_ORF_3	849	+	1	433	546	114	0.7979	-0.31548401	0.012890292
MU	TU14891_ORF_4	849	+	1	589	678	90	1.0203	-0.031337359	0.039814868
MU	TU14892_ORF_1	544	+	3	351	494	144	0.7548	0.088841957	0.056051243
MU	TU14892_ORF_2	544	+	1	382	513	132	0.589	-0.422342155	0.00930349
MU	TU14892_ORF_3	544	+	2	128	241	114	0.7979	-0.31548401	0.019330016
MU	TU14892_ORF_4	544	+	2	284	373	90	1.0203	-0.031337359	0.058902907
MU	TU14893_ORF_1	1706	+	1	1513	1656	144	0.7548	0.088841957	0.012219485
MU	TU14893_ORF_2	1706	+	2	1544	1675	132	0.589	-0.422342155	0.001952594
MU	TU14893_ORF_3	1706	+	3	1290	1403	114	0.7979	-0.31548401	0.004089641
MU	TU14893_ORF_4	1706	+	3	1446	1535	90	1.0203	-0.031337359	0.012871572
MU	TU14894_ORF_1	1661	+	1	1468	1611	144	0.7548	0.088841957	0.012974862
MU	TU14894_ORF_2	1661	+	2	1499	1630	132	0.589	-0.422342155	0.002074632
MU	TU14894_ORF_3	1661	+	3	1245	1358	114	0.7979	-0.31548401	0.004344663
MU	TU14894_ORF_4	1661	+	3	1401	1490	90	1.0203	-0.031337359	0.013666702
MU	TU14930_ORF_1	500	+	3	339	452	114	0.9655	0.104021399	0.087576251
MU	TU14931_ORF_1	650	+	3	330	422	93	1.0227	-0.871256267	0.007422229
MU	TU16111_ORF_1	540	+	1	211	399	189	0.7847	0.200459908	0.113029547
MU	TU16111_ORF_2	540	+	1	19	183	165	0.4904	0.053673058	0.028403027
MU	TU16111_ORF_3	540	+	3	276	437	162	0.674	-0.173017486	0.028285505
MU	TU16111_ORF_4	540	+	2	221	343	123	0.9806	-0.020075089	0.07114883
MU	TU16111_ORF_5	540	+	3	24	146	123	0.5123	-0.153362402	0.012953491
MU	TU16564_ORF_1	509	+	2	71	262	192	0.5653	-0.056814513	0.036061008
MU	TU16564_ORF_2	509	+	2	281	364	84	1.1043	-0.213023808	0.04955192
MU	TU16872_ORF_1	447	+	1	16	246	231	0.6154	-0.679803938	0.014810781
MU	TU16872_ORF_2	447	+	3	216	380	165	0.8243	-0.639194343	0.017297639
MU	TU16872_ORF_3	447	+	2	8	88	81	1.083	-1.020099413	0.007397655
MU	TU16873_ORF_1	602	+	2	266	535	270	0.7171	-0.827865747	0.016250235
MU	TU16873_ORF_2	602	+	1	16	246	231	0.5611	-0.68096605	0.0101812
MU	TU16873_ORF_3	602	+	1	262	432	171	0.7943	-1.042109249	0.005192818
MU	TU16873_ORF_4	602	+	2	8	88	81	1.083	-1.020099413	0.006009376
MU	TU16874_ORF_1	504	+	1	16	246	231	0.5611	-0.68096605	0.011604551
MU	TU16874_ORF_2	504	+	2	8	88	81	1.083	-1.020099413	0.006853537
MU	TU17186_ORF_1	286	+	2	164	286	123	0.6625	-0.901064294	0.004861882
MU	TU17577_ORF_1	760	+	3	243	584	342	0.8024	-0.304683858	0.103315039
MU	TU17577_ORF_2	760	+	1	307	420	114	0.7819	-0.266553192	0.015518347
MU	TU17597_ORF_1	517	+	2	206	322	117	0.9407	-0.176321795	0.043554267
MU	TU17597_ORF_2	517	+	1	142	222	81	1.0605	0.381908055	0.154634101
MU	TU17723_ORF_1	1906	+	2	503	793	291	0.7292	-0.079664868	0.020938399
MU	TU17723_ORF_2	1906	+	1	346	615	270	0.5098	-0.017208726	0.010378077
MU	TU17723_ORF_3	1906	+	2	896	1105	210	0.9684	-0.184756823	0.016688961
MU	TU17723_ORF_4	1906	+	1	166	318	153	0.4354	-0.379513011	0.001239547
MU	TU17723_ORF_5	1906	+	3	510	626	117	0.8398	0.068324739	0.009117497
MU	TU17724_ORF_1	5149	+	3	1374	2063	690	0.8385	0.017058749	0.01593603
MU	TU17724_ORF_2	5149	+	1	2704	3120	417	0.5831	-0.216743323	0.000375271
MU	TU17724_ORF_3	5149	+	1	2095	2460	366	0.6356	-0.233929783	0.00026966
MU	TU17724_ORF_4	5149	+	1	1039	1377	339	0.5553	-0.170861691	0.000192869
MU	TU17724_ORF_5	5149	+	2	380	667	288	0.93	-0.338516729	0.000260867