TU18143	FBtr0346881	99.696	329	1	0	3	331	928	1256	7.47e-175	603
TU18143	FBtr0346877	99.696	329	1	0	3	331	928	1256	7.47e-175	603
TU18143	FBtr0346873	99.696	329	1	0	3	331	928	1256	7.47e-175	603
TU18143	FBtr0346882	99.696	329	1	0	3	331	67	395	7.47e-175	603
TU18143	FBtr0346878	99.696	329	1	0	3	331	67	395	7.47e-175	603
TU18143	FBtr0346874	99.696	329	1	0	3	331	67	395	7.47e-175	603
TU18143	FBtr0346899	99.088	329	3	0	3	331	867	1195	1.62e-171	592
TU18144	FBtr0346881	97.922	385	7	1	1	384	6692	7076	0.0	665
TU18144	FBtr0346885	97.922	385	7	1	1	384	2544	2928	0.0	665
TU18144	FBtr0346873	97.633	169	4	0	1	169	6695	6863	7.72e-81	291
TU18144	FBtr0346876	97.633	169	4	0	1	169	2547	2715	7.72e-81	291
TU18145	FBtr0346881	99.323	443	1	1	1	441	5262	5704	0.0	800
TU18145	FBtr0346873	99.323	443	1	1	1	441	5265	5707	0.0	800
TU18145	FBtr0346885	99.323	443	1	1	1	441	1114	1556	0.0	800
TU18145	FBtr0346876	99.323	443	1	1	1	441	1117	1559	0.0	800
TU18145	FBtr0346899	93.002	443	4	3	1	441	4835	5252	2.79e-180	621
FBtr0335214	FBtr0114327	100.000	75	0	0	323	397	1	75	7.10e-35	139
FBtr0079304	FBtr0114310	100.000	79	0	0	490	568	79	1	4.25e-37	147
FBtr0082347	FBtr0114332	100.000	84	0	0	513	596	1	84	5.55e-40	156
FBtr0071604	FBtr0114302	100.000	74	0	0	7016	7089	1	74	2.44e-33	137
FBtr0088631	FBtr0091613	100.000	140	0	0	1249	1388	140	1	8.67e-71	259
FBtr0071519	FBtr0091781	100.000	96	0	0	1263	1358	1	96	2.88e-46	178
FBtr0113743	FBtr0474123	100.000	68	0	0	128	195	1	68	6.24e-31	126
FBtr0113744	FBtr0474123	100.000	68	0	0	128	195	1	68	5.88e-31	126
FBtr0301801	FBtr0474123	100.000	68	0	0	128	195	1	68	5.41e-31	126
FBtr0308335	FBtr0474123	100.000	68	0	0	129	196	1	68	5.40e-31	126
FBtr0308336	FBtr0474123	100.000	68	0	0	129	196	1	68	5.82e-31	126
FBtr0300861	FBtr0303791	100.000	98	0	0	2894	2991	1	98	4.44e-47	182
FBtr0300861	FBtr0303791	96.000	75	2	1	3143	3217	11	84	9.81e-29	121
FBtr0300861	FBtr0303792	100.000	91	0	0	3131	3221	1	91	3.45e-43	169
FBtr0300861	FBtr0303792	96.000	75	2	1	2904	2977	13	87	9.81e-29	121
FBtr0300861	FBtr0113531	100.000	84	0	0	1909	1992	1	84	2.69e-39	156
FBtr0300861	FBtr0113531	92.683	82	4	2	2393	2473	3	83	1.27e-27	117
FBtr0300861	FBtr0113531	90.667	75	6	1	2638	2711	8	82	4.59e-22	99.0
FBtr0300861	FBtr0113532	100.000	83	0	0	2156	2238	1	83	9.67e-39	154
FBtr0300861	FBtr0113532	98.667	75	1	0	2399	2473	8	82	1.26e-32	134
FBtr0300861	FBtr0113532	97.297	74	2	0	2638	2711	8	81	2.11e-30	126
FBtr0300861	FBtr0113532	92.308	78	5	1	1914	1991	6	82	2.12e-25	110
FBtr0300861	FBtr0113534	100.000	83	0	0	2631	2713	1	83	9.67e-39	154
FBtr0300861	FBtr0113534	97.297	74	2	0	2163	2236	8	81	2.11e-30	126
FBtr0300861	FBtr0113534	97.297	74	2	0	2399	2472	8	81	2.11e-30	126
FBtr0300861	FBtr0113534	90.667	75	6	1	1916	1990	8	81	4.59e-22	99.0
FBtr0300861	FBtr0113533	100.000	83	0	0	2392	2474	1	83	9.67e-39	154
FBtr0300861	FBtr0113533	98.667	75	1	0	2163	2237	8	82	1.26e-32	134
FBtr0300861	FBtr0113533	97.297	74	2	0	2638	2711	8	81	2.11e-30	126
FBtr0300861	FBtr0113533	92.683	82	4	2	1911	1991	2	82	1.27e-27	117
FBtr0110916	FBtr0091611	100.000	68	0	0	1419	1486	1	68	2.97e-30	126
FBtr0334563	FBtr0091611	100.000	68	0	0	1018	1085	1	68	2.91e-30	126
FBtr0301268	FBtr0309752	100.000	58	0	0	566	623	1	58	3.53e-25	108
FBtr0071136	FBtr0113562	100.000	142	0	0	129	270	1	142	5.37e-72	263
FBtr0475221	FBtr0309757	100.000	147	0	0	170	316	1	147	4.18e-75	272
FBtr0072274	FBtr0114305	100.000	35	0	0	1	35	35	1	2.93e-12	65.8
FBtr0332562	FBtr0114311	100.000	62	0	0	1	62	17	78	5.98e-27	115
FBtr0340215	FBtr0113512	100.000	162	0	0	979	1140	162	1	4.79e-83	300
FBtr0333923	FBtr0113603	100.000	86	0	0	1191	1276	86	1	8.19e-41	159
FBtr0072805	FBtr0474091	100.000	56	0	0	961	1016	1	56	2.92e-24	104
FBtr0474640	FBtr0474091	100.000	97	0	0	961	1057	1	97	6.16e-47	180
FBtr0073098	FBtr0114347	100.000	33	0	0	1	33	35	67	1.15e-11	62.1
FBtr0073098	FBtr0114346	100.000	31	0	0	1	31	35	65	1.48e-10	58.4
FBtr0302300	FBtr0114348	100.000	28	0	0	1	28	40	67	6.84e-09	52.8
