TU2396	FBtr0330499	99.123	114	1	0	1202	1315	114	1	1.61e-55	206
TU2398	FBtr0330499	99.123	114	1	0	837	950	114	1	1.28e-55	206
TU5342	FBtr0330584	98.649	74	1	0	368	441	74	1	1.08e-33	132
FBtr0112836	FBtr0296029	98.701	77	1	0	4466	4542	1	77	1.58e-34	137
FBtr0112836	FBtr0296049	100.000	30	0	0	4507	4536	48	77	4.56e-10	56.5
FBtr0083330	FBtr0330574	100.000	38	0	0	732	769	76	113	5.95e-15	71.3
FBtr0445401	FBtr0296154	97.802	91	2	0	2987	3077	1	91	8.77e-41	158
FBtr0304846	FBtr0296142	98.980	98	1	0	5604	5701	1	98	4.49e-46	176
FBtr0304846	FBtr0296143	100.000	29	0	0	5667	5695	1	29	2.20e-09	54.7
FBtr0347149	FBtr0296142	98.980	98	1	0	5683	5780	1	98	4.55e-46	176
FBtr0347149	FBtr0296143	100.000	29	0	0	5746	5774	1	29	2.22e-09	54.7
FBtr0340006	FBtr0296066	98.901	91	1	0	2019	2109	1	91	1.21e-42	163
FBtr0301021	FBtr0330577	94.231	104	4	1	299	400	9	112	1.23e-40	158
FBtr0077426	FBtr0330469	100.000	29	0	0	2649	2677	92	120	1.43e-09	54.7
FBtr0077427	FBtr0330469	100.000	29	0	0	2314	2342	92	120	1.32e-09	54.7
FBtr0112898	FBtr0330469	100.000	29	0	0	2312	2340	92	120	1.44e-09	54.7
FBtr0112899	FBtr0330469	100.000	29	0	0	2649	2677	92	120	1.56e-09	54.7
