TU3802	FBtr0089858	100.000	33	0	0	2110	2142	494	526	1.28e-10	62.1
TU10798	FBtr0334740	100.000	44	0	0	226	269	176	133	1.12e-17	82.4
TU10798	FBtr0334740	100.000	28	0	0	160	187	201	174	8.82e-09	52.8
TU18143	FBtr0346900	99.088	329	3	0	3	331	67	395	5.22e-171	592
TU18143	FBtr0346892	93.391	348	4	1	3	331	42	389	1.17e-142	497
TU18144	FBtr0346872	97.396	384	7	1	1	384	299	679	0.0	651
TU18144	FBtr0346886	96.047	253	10	0	132	384	1	253	5.10e-117	412
TU18144	FBtr0346871	98.283	233	4	0	1	233	2543	2775	6.60e-116	409
TU18144	FBtr0346903	97.685	216	5	0	169	384	1	216	8.66e-105	372
TU18144	FBtr0346896	97.685	216	5	0	169	384	1	216	8.66e-105	372
TU18144	FBtr0346895	97.468	158	4	0	1	158	2532	2689	3.25e-74	270
TU18144	FBtr0346888	97.222	108	3	0	1	108	148	255	4.35e-48	183
TU18145	FBtr0346895	99.549	443	0	1	1	441	1101	1543	0.0	806
TU18145	FBtr0346871	99.549	443	0	1	1	441	1113	1555	0.0	806
TU18145	FBtr0346902	93.002	443	4	3	1	441	1114	1531	9.02e-180	621
FBtr0070036	FBtr0307587	95.082	366	5	2	247	611	1	354	2.15e-162	564
FBtr0070036	FBtr0307588	95.082	366	5	2	247	611	1	354	2.15e-162	564
FBtr0070036	FBtr0307583	93.973	365	9	2	247	611	1	352	3.62e-155	540
FBtr0070036	FBtr0307585	93.699	365	10	2	247	611	1	352	1.69e-153	534
FBtr0070036	FBtr0307579	93.151	365	22	2	247	610	1	363	6.06e-153	532
FBtr0070036	FBtr0307586	99.552	223	0	1	390	611	1	223	1.38e-114	405
FBtr0070036	FBtr0307584	99.550	222	0	1	390	611	1	221	4.96e-114	403
FBtr0070036	FBtr0307580	99.107	224	0	1	390	611	1	224	1.78e-113	401
FBtr0070036	FBtr0307581	99.107	224	0	1	390	611	1	224	1.78e-113	401
FBtr0070036	FBtr0307582	99.099	222	0	1	390	611	1	220	2.31e-112	398
FBtr0070045	FBtr0336866	100.000	1058	0	0	1131	2188	1	1058	0.0	1954
FBtr0070076	FBtr0070097	100.000	564	0	0	1	564	1798	1235	0.0	1042
FBtr0070076	FBtr0070097	100.000	179	0	0	565	743	1153	975	2.90e-92	331
FBtr0070076	FBtr0339441	95.122	82	4	0	483	564	1707	1626	1.14e-31	130
FBtr0070076	FBtr0070095	95.122	82	4	0	483	564	1861	1780	1.14e-31	130
FBtr0112947	FBtr0070097	100.000	326	0	0	308	633	1560	1235	6.10e-174	603
FBtr0112947	FBtr0070097	100.000	308	0	0	1	308	2182	1875	6.19e-164	569
FBtr0112947	FBtr0070097	100.000	179	0	0	634	812	1153	975	3.18e-92	331
FBtr0112947	FBtr0339441	95.122	82	4	0	552	633	1707	1626	1.24e-31	130
FBtr0112947	FBtr0070095	95.122	82	4	0	552	633	1861	1780	1.24e-31	130
FBtr0070077	FBtr0070097	90.491	326	20	3	80	395	1559	1235	4.27e-119	420
FBtr0070077	FBtr0339441	100.000	137	0	0	396	532	1541	1405	4.58e-69	254
FBtr0070077	FBtr0339441	100.000	82	0	0	314	395	1707	1626	1.72e-38	152
FBtr0070077	FBtr0070095	100.000	137	0	0	396	532	1695	1559	4.58e-69	254
FBtr0070077	FBtr0070095	100.000	82	0	0	314	395	1861	1780	1.72e-38	152
FBtr0336919	FBtr0070097	90.491	326	20	3	385	700	1559	1235	6.80e-119	420
FBtr0336919	FBtr0070097	100.000	194	0	0	51	244	194	1	1.50e-100	359
FBtr0336919	FBtr0339441	97.345	226	5	1	50	274	226	1	8.93e-108	383
FBtr0336919	FBtr0339441	100.000	137	0	0	701	837	1541	1405	7.30e-69	254
FBtr0336919	FBtr0339441	100.000	82	0	0	619	700	1707	1626	2.74e-38	152
FBtr0336919	FBtr0070095	97.345	226	5	1	50	274	226	1	8.93e-108	383
FBtr0336919	FBtr0070095	100.000	137	0	0	701	837	1695	1559	7.30e-69	254
FBtr0336919	FBtr0070095	100.000	82	0	0	619	700	1861	1780	2.74e-38	152
FBtr0336919	FBtr0301337	97.333	225	5	1	51	274	225	1	3.21e-107	381
FBtr0300328	FBtr0070097	89.628	376	26	4	78	443	1607	1235	5.91e-133	466
FBtr0300328	FBtr0339441	100.000	137	0	0	444	580	1541	1405	5.01e-69	254
FBtr0300328	FBtr0339441	100.000	82	0	0	362	443	1707	1626	1.88e-38	152
FBtr0300328	FBtr0070095	100.000	137	0	0	444	580	1695	1559	5.01e-69	254
FBtr0300328	FBtr0070095	100.000	82	0	0	362	443	1861	1780	1.88e-38	152
FBtr0070078	FBtr0070097	90.184	326	21	3	61	376	1559	1235	1.93e-117	414
FBtr0070078	FBtr0339441	98.582	141	2	0	377	517	1541	1401	5.75e-68	250
FBtr0070078	FBtr0339441	100.000	82	0	0	295	376	1707	1626	1.67e-38	152
FBtr0070078	FBtr0070095	98.582	141	2	0	377	517	1695	1555	5.75e-68	250
FBtr0070078	FBtr0070095	100.000	82	0	0	295	376	1861	1780	1.67e-38	152
FBtr0336920	FBtr0070097	89.474	494	36	8	137	619	1559	1071	3.53e-176	610
FBtr0336920	FBtr0339441	99.390	328	2	0	371	698	1707	1380	9.89e-172	595
FBtr0336920	FBtr0070095	99.390	328	2	0	371	698	1861	1534	9.89e-172	595
FBtr0336921	FBtr0070097	89.277	401	27	8	137	526	1559	1164	1.14e-139	488
FBtr0336921	FBtr0339441	100.000	156	0	0	371	526	1707	1552	1.24e-79	289
FBtr0336921	FBtr0070095	100.000	156	0	0	371	526	1861	1706	1.24e-79	289
FBtr0343501	FBtr0070097	90.184	326	21	3	61	376	1559	1235	2.35e-117	414
FBtr0343501	FBtr0339441	98.765	162	2	0	377	538	1541	1380	1.49e-79	289
FBtr0343501	FBtr0339441	100.000	82	0	0	295	376	1707	1626	2.04e-38	152
FBtr0343501	FBtr0070095	98.765	162	2	0	377	538	1695	1534	1.49e-79	289
FBtr0343501	FBtr0070095	100.000	82	0	0	295	376	1861	1780	2.04e-38	152
FBtr0070094	FBtr0301337	89.252	949	54	14	3142	4073	498	1415	0.0	1144
FBtr0070094	FBtr0301337	94.796	269	14	0	414	682	231	499	3.58e-118	420
FBtr0070094	FBtr0070095	89.252	949	54	14	3142	4073	548	1465	0.0	1144
FBtr0070094	FBtr0070095	94.796	269	14	0	414	682	281	549	3.58e-118	420
FBtr0070094	FBtr0339441	88.716	514	27	4	3560	4073	829	1311	4.29e-172	599
FBtr0070094	FBtr0339441	98.491	265	4	0	3142	3406	548	812	1.26e-132	468
FBtr0070094	FBtr0339441	94.796	269	14	0	414	682	281	549	3.58e-118	420
FBtr0070094	FBtr0070097	92.033	364	19	1	3560	3923	639	992	3.46e-143	503
FBtr0070094	FBtr0070097	94.792	192	8	1	3339	3530	451	640	1.75e-81	298
FBtr0070121	FBtr0343565	100.000	359	0	0	1	359	2	360	0.0	664
FBtr0070160	FBtr0475142	92.090	177	14	0	236	412	1	177	5.54e-68	250
FBtr0070279	FBtr0475147	100.000	229	0	0	1982	2210	898	670	1.41e-119	424
FBtr0330407	FBtr0475147	100.000	229	0	0	1990	2218	898	670	1.41e-119	424
FBtr0333116	FBtr0475147	100.000	229	0	0	1819	2047	898	670	1.30e-119	424
FBtr0070460	FBtr0307391	96.486	313	10	1	1223	1535	265	576	1.81e-147	516
FBtr0070460	FBtr0307391	86.802	197	9	8	1584	1780	576	755	1.60e-53	204
FBtr0070461	FBtr0071001	94.045	403	9	1	151	553	1	388	3.27e-172	597
FBtr0070461	FBtr0071001	96.703	91	1	2	644	734	386	474	1.10e-37	150
FBtr0300994	FBtr0114183	91.304	736	28	5	4180	4915	993	1692	0.0	972
FBtr0300994	FBtr0114183	91.854	712	16	9	3311	4022	322	991	0.0	955
FBtr0300994	FBtr0114183	88.509	322	16	10	2150	2470	1	302	4.71e-103	370
FBtr0300995	FBtr0114183	91.304	736	28	5	4009	4744	993	1692	0.0	972
FBtr0300995	FBtr0114183	91.854	712	16	9	3140	3851	322	991	0.0	955
FBtr0300995	FBtr0114183	88.509	322	16	10	1979	2299	1	302	5.81e-103	370
FBtr0302118	FBtr0114183	91.304	736	28	5	4488	5223	993	1692	0.0	972
FBtr0302118	FBtr0114183	91.854	712	16	9	3619	4330	322	991	0.0	955
FBtr0302118	FBtr0114183	88.509	322	16	10	2458	2778	1	302	6.21e-103	370
FBtr0302119	FBtr0114183	91.304	736	28	5	4128	4863	993	1692	0.0	972
FBtr0302119	FBtr0114183	91.854	712	16	9	3259	3970	322	991	0.0	955
FBtr0302119	FBtr0114183	88.509	322	16	10	2098	2418	1	302	5.91e-103	370
FBtr0331757	FBtr0114183	91.304	736	28	5	4116	4851	993	1692	0.0	972
FBtr0331757	FBtr0114183	91.854	712	16	9	3250	3961	322	991	0.0	955
FBtr0331757	FBtr0114183	88.509	322	16	10	2089	2409	1	302	5.90e-103	370
FBtr0331758	FBtr0114183	91.304	736	28	5	4593	5328	993	1692	0.0	972
FBtr0331758	FBtr0114183	91.854	712	16	9	3724	4435	322	991	0.0	955
FBtr0331758	FBtr0114183	88.509	322	16	10	2563	2883	1	302	9.66e-103	370
FBtr0070922	FBtr0334014	88.866	476	44	3	593	1068	374	840	9.33e-166	577
FBtr0070922	FBtr0334014	92.182	307	18	1	246	552	69	369	2.76e-121	429
FBtr0070922	FBtr0334014	89.274	317	17	7	1703	2019	1178	1477	7.85e-107	381
FBtr0070922	FBtr0334014	90.110	182	11	2	1391	1572	1009	1183	3.01e-61	230
FBtr0070922	FBtr0334014	88.690	168	19	0	1113	1280	837	1004	5.07e-54	206
FBtr0070922	FBtr0070923	88.866	476	44	3	593	1068	234	700	9.33e-166	577
FBtr0070922	FBtr0070923	89.274	317	17	7	1703	2019	1038	1337	7.85e-107	381
FBtr0070922	FBtr0070923	91.176	170	15	0	383	552	60	229	8.36e-62	231
FBtr0070922	FBtr0070923	90.110	182	11	2	1391	1572	869	1043	3.01e-61	230
FBtr0070922	FBtr0070923	88.690	168	19	0	1113	1280	697	864	5.07e-54	206
FBtr0070930	FBtr0070932	97.191	178	5	0	1922	2099	1	178	9.22e-83	302
FBtr0070930	FBtr0070932	100.000	140	0	0	2285	2424	265	404	5.63e-70	259
FBtr0070930	FBtr0070932	97.368	76	1	1	2155	2230	191	265	1.66e-30	128
FBtr0340028	FBtr0070932	97.191	178	5	0	1922	2099	1	178	1.03e-82	302
FBtr0340028	FBtr0070932	100.000	140	0	0	2285	2424	265	404	6.27e-70	259
FBtr0340028	FBtr0070932	97.368	76	1	1	2155	2230	191	265	1.84e-30	128
FBtr0340028	FBtr0070932	98.529	68	1	0	3033	3100	404	471	3.09e-28	121
FBtr0078060	FBtr0305350	99.558	452	2	0	1037	1488	50	501	0.0	824
FBtr0078242	FBtr0347193	98.861	527	6	0	396	922	5	531	0.0	941
FBtr0078242	FBtr0475131	100.000	299	0	0	1555	1853	712	414	1.44e-158	553
FBtr0334088	FBtr0347604	100.000	42	0	0	5337	5378	1	42	3.08e-15	78.7
FBtr0078475	FBtr0112457	99.790	954	1	1	1213	2166	178	1130	0.0	1749
FBtr0078623	FBtr0307114	82.880	625	95	12	419	1037	237	855	3.12e-158	551
FBtr0344315	FBtr0307114	82.880	625	95	12	419	1037	237	855	3.93e-158	551
FBtr0079087	FBtr0303308	98.795	166	2	0	1	166	1441	1276	4.18e-81	296
FBtr0081140	FBtr0081172	81.622	370	21	22	213	559	38	383	8.87e-72	263
FBtr0321270	FBtr0081172	81.622	370	21	22	227	573	38	383	9.08e-72	263
FBtr0321271	FBtr0081172	81.622	370	21	22	170	516	38	383	8.23e-72	263
FBtr0321272	FBtr0081172	81.622	370	21	22	223	569	38	383	9.05e-72	263
FBtr0081382	FBtr0305612	89.902	307	17	4	43	349	1	293	6.14e-108	383
FBtr0081382	FBtr0305612	91.000	200	13	5	386	582	296	493	2.32e-72	265
FBtr0306031	FBtr0089858	100.000	70	0	0	4074	4143	593	524	6.45e-31	130
FBtr0081461	FBtr0089858	94.286	35	2	0	2828	2862	493	527	3.22e-08	54.7
FBtr0346711	FBtr0089858	94.286	35	2	0	2828	2862	493	527	2.96e-08	54.7
FBtr0081664	FBtr0334941	98.765	162	2	0	196	357	1	162	3.57e-79	289
FBtr0081664	FBtr0301970	98.765	162	2	0	196	357	1	162	3.57e-79	289
FBtr0081665	FBtr0301970	99.220	897	7	0	196	1092	1	897	0.0	1618
FBtr0081665	FBtr0334941	97.588	912	7	1	196	1092	1	912	0.0	1548
FBtr0081666	FBtr0334941	97.002	934	6	3	196	1129	1	912	0.0	1550
FBtr0081666	FBtr0301970	95.396	934	6	4	196	1129	1	897	0.0	1452
FBtr0081667	FBtr0301970	96.953	919	6	3	196	1114	1	897	0.0	1522
FBtr0081667	FBtr0334941	95.396	934	6	4	196	1114	1	912	0.0	1452
FBtr0081668	FBtr0334941	99.232	912	7	0	196	1107	1	912	0.0	1646
FBtr0081668	FBtr0301970	97.588	912	7	1	196	1107	1	897	0.0	1548
FBtr0081892	FBtr0302440	90.909	132	12	0	1168	1299	2	133	1.48e-45	178
FBtr0300443	FBtr0302440	90.909	132	12	0	1168	1299	2	133	1.38e-45	178
FBtr0334320	FBtr0302440	90.909	132	12	0	1168	1299	2	133	2.25e-45	178
FBtr0082680	FBtr0347425	98.276	174	3	0	1	174	35	208	5.40e-84	305
FBtr0082680	FBtr0347424	98.276	174	3	0	1	174	35	208	5.40e-84	305
FBtr0082742	FBtr0475063	84.836	244	26	2	1438	1681	2	234	1.05e-62	235
FBtr0082743	FBtr0475063	84.836	244	26	2	1800	2043	2	234	1.17e-62	235
FBtr0082744	FBtr0475063	84.836	244	26	2	1167	1410	2	234	9.61e-63	235
FBtr0082882	FBtr0475140	100.000	135	0	0	1413	1547	135	1	1.93e-67	250
FBtr0344765	FBtr0475140	100.000	88	0	0	1413	1500	135	48	2.29e-41	163
FBtr0083200	FBtr0304144	100.000	448	0	0	35	482	1	448	0.0	828
FBtr0083200	FBtr0345275	100.000	277	0	0	206	482	104	380	2.16e-146	512
FBtr0083200	FBtr0345275	100.000	103	0	0	35	137	1	103	1.15e-49	191
FBtr0083609	FBtr0302232	93.557	1133	42	4	376	1503	7	1113	0.0	1659
FBtr0083609	FBtr0302232	97.037	405	10	1	1589	1993	1110	1512	0.0	680
FBtr0336712	FBtr0321275	100.000	504	0	0	6153	6656	1	504	0.0	931
FBtr0305036	FBtr0321275	100.000	504	0	0	6068	6571	1	504	0.0	931
FBtr0305037	FBtr0321275	100.000	504	0	0	5973	6476	1	504	0.0	931
FBtr0084201	FBtr0321274	100.000	128	0	0	4	131	1	128	2.70e-63	237
FBtr0344797	FBtr0321274	100.000	675	0	0	4	678	1	675	0.0	1247
FBtr0321268	FBtr0321274	100.000	266	0	0	1	266	410	675	4.83e-140	492
FBtr0475058	FBtr0475057	100.000	43	0	0	1	43	43	1	3.02e-16	80.5
FBtr0084641	FBtr0306743	80.913	241	18	12	713	952	329	542	1.12e-41	165
FBtr0084641	FBtr0306743	91.111	90	8	0	372	461	90	179	6.83e-29	122
FBtr0334333	FBtr0306743	80.913	241	18	12	414	653	329	542	9.90e-42	165
FBtr0334333	FBtr0306743	91.111	90	8	0	73	162	90	179	6.04e-29	122
FBtr0301670	FBtr0114241	94.634	615	15	3	810	1424	165	761	0.0	937
FBtr0301670	FBtr0114241	95.238	147	7	0	482	628	17	163	4.45e-62	233
FBtr0302168	FBtr0114241	94.634	615	15	3	713	1327	165	761	0.0	937
FBtr0302168	FBtr0114241	95.238	147	7	0	385	531	17	163	4.34e-62	233
FBtr0302169	FBtr0114241	94.634	615	15	3	702	1316	165	761	0.0	937
FBtr0302169	FBtr0114241	95.238	147	7	0	374	520	17	163	4.33e-62	233
FBtr0302170	FBtr0114241	94.634	615	15	3	797	1411	165	761	0.0	937
FBtr0302170	FBtr0114241	95.238	147	7	0	469	615	17	163	4.44e-62	233
FBtr0302171	FBtr0114241	94.634	615	15	3	733	1347	165	761	0.0	937
FBtr0302171	FBtr0114241	95.238	147	7	0	405	551	17	163	4.36e-62	233
FBtr0302172	FBtr0114241	94.634	615	15	3	853	1467	165	761	0.0	937
FBtr0302172	FBtr0114241	95.238	147	7	0	525	671	17	163	4.50e-62	233
FBtr0345299	FBtr0114241	94.634	615	15	3	1106	1720	165	761	0.0	937
FBtr0345299	FBtr0114241	95.238	147	7	0	778	924	17	163	4.79e-62	233
FBtr0084782	FBtr0114289	97.500	120	3	0	1278	1397	118	237	3.55e-54	206
FBtr0084782	FBtr0114289	98.611	72	1	0	1206	1277	1	72	7.89e-31	128
FBtr0084907	FBtr0302914	87.838	148	15	2	279	426	1	145	1.73e-43	171
FBtr0085247	FBtr0305348	97.143	70	2	0	1270	1339	1528	1459	4.48e-28	119
FBtr0085257	FBtr0307118	100.000	473	0	0	1	473	2	474	0.0	874
FBtr0344620	FBtr0346202	100.000	321	0	0	71	391	1	321	7.85e-171	593
FBtr0344620	FBtr0307118	98.182	55	0	1	358	411	523	469	9.71e-21	95.3
FBtr0085271	FBtr0305348	91.010	1079	77	3	202	1279	464	1523	0.0	1437
FBtr0085271	FBtr0305348	85.753	365	32	3	167	530	123	468	3.84e-103	368
FBtr0085293	FBtr0302912	96.729	428	0	1	423	850	1	414	0.0	701
FBtr0085305	FBtr0347527	100.000	179	0	0	2096	2274	1290	1112	9.03e-92	331
FBtr0085934	FBtr0301969	98.128	641	12	0	158	798	1	641	0.0	1118
FBtr0085941	FBtr0306298	88.119	101	12	0	562	662	2	102	1.75e-28	121
FBtr0085942	FBtr0306298	88.119	101	12	0	362	462	2	102	1.57e-28	121
FBtr0344022	FBtr0306298	88.119	101	12	0	562	662	2	102	5.50e-28	121
FBtr0085946	FBtr0301969	98.284	641	11	0	179	819	1	641	0.0	1123
FBtr0086127	FBtr0302346	94.005	834	39	6	162	994	83	906	0.0	1253
FBtr0086127	FBtr0302346	97.863	234	5	0	1060	1293	907	1140	4.31e-114	405
FBtr0086127	FBtr0302346	96.277	188	7	0	1327	1514	1140	1327	3.48e-85	309
FBtr0086127	FBtr0302346	96.875	64	2	0	1690	1753	1337	1400	1.36e-24	108
FBtr0086129	FBtr0302346	93.998	833	39	6	69	900	84	906	0.0	1251
FBtr0086129	FBtr0302346	97.863	234	5	0	966	1199	907	1140	4.09e-114	405
FBtr0086129	FBtr0302346	96.277	188	7	0	1233	1420	1140	1327	3.30e-85	309
FBtr0086129	FBtr0302346	96.875	64	2	0	1596	1659	1337	1400	1.29e-24	108
FBtr0086130	FBtr0302346	93.998	833	39	6	163	994	84	906	0.0	1251
FBtr0086130	FBtr0302346	97.863	234	5	0	1060	1293	907	1140	4.31e-114	405
FBtr0086130	FBtr0302346	96.277	188	7	0	1327	1514	1140	1327	3.48e-85	309
FBtr0086130	FBtr0302346	96.875	64	2	0	1690	1753	1337	1400	1.36e-24	108
FBtr0086131	FBtr0302346	93.645	834	39	7	162	991	83	906	0.0	1234
FBtr0086131	FBtr0302346	97.863	234	5	0	1057	1290	907	1140	4.30e-114	405
FBtr0086131	FBtr0302346	96.277	188	7	0	1324	1511	1140	1327	3.47e-85	309
FBtr0086131	FBtr0302346	96.875	64	2	0	1687	1750	1337	1400	1.36e-24	108
FBtr0300285	FBtr0302346	89.086	394	34	6	162	554	83	468	7.03e-137	481
FBtr0300285	FBtr0302346	94.139	273	14	1	740	1012	636	906	7.23e-117	414
FBtr0300285	FBtr0302346	97.863	234	5	0	1078	1311	907	1140	4.35e-114	405
FBtr0300285	FBtr0302346	96.277	188	7	0	1345	1532	1140	1327	3.51e-85	309
FBtr0300285	FBtr0302346	96.875	64	2	0	1708	1771	1337	1400	1.37e-24	108
FBtr0332939	FBtr0302346	93.990	832	39	6	71	901	85	906	0.0	1249
FBtr0332939	FBtr0302346	97.863	234	5	0	967	1200	907	1140	4.71e-114	405
FBtr0332939	FBtr0302346	96.277	188	7	0	1234	1421	1140	1327	3.80e-85	309
FBtr0332939	FBtr0302346	96.875	64	2	0	1597	1660	1337	1400	1.49e-24	108
FBtr0086179	FBtr0303442	100.000	268	0	0	1	268	1	268	1.35e-141	496
FBtr0086534	FBtr0334484	90.278	216	21	0	2	217	237	452	7.86e-78	283
FBtr0340534	FBtr0334484	90.566	212	20	0	2	213	237	448	2.81e-77	281
FBtr0071317	FBtr0071318	98.963	482	5	0	916	1397	58	539	0.0	863
FBtr0071317	FBtr0071318	95.455	66	3	0	763	828	1	66	6.39e-24	106
FBtr0346166	FBtr0071318	98.963	482	5	0	916	1397	58	539	0.0	863
FBtr0346166	FBtr0071318	95.455	66	3	0	763	828	1	66	7.78e-24	106
FBtr0071329	FBtr0304143	86.883	709	55	21	2092	2793	123	800	0.0	760
FBtr0071329	FBtr0304143	86.890	328	40	1	3326	3653	898	1222	1.46e-101	364
FBtr0071329	FBtr0304143	93.590	78	5	0	2829	2906	800	877	4.51e-27	117
FBtr0302965	FBtr0304143	86.883	709	55	21	2011	2712	123	800	0.0	760
FBtr0302965	FBtr0304143	86.890	328	40	1	3245	3572	898	1222	1.43e-101	364
FBtr0302965	FBtr0304143	93.590	78	5	0	2748	2825	800	877	4.41e-27	117
FBtr0071716	FBtr0081448	83.721	559	55	19	393	926	4	551	1.58e-141	496
FBtr0071716	FBtr0089857	86.813	273	31	5	123	394	11	279	1.33e-82	300
FBtr0071716	FBtr0089856	81.533	287	27	9	109	394	6	267	1.79e-56	213
FBtr0086985	FBtr0345518	93.590	156	10	0	49	204	186	341	8.20e-63	233
FBtr0086985	FBtr0345518	86.264	182	25	0	542	723	343	524	2.99e-52	198
FBtr0086985	FBtr0340134	93.590	156	10	0	49	204	186	341	8.20e-63	233
FBtr0086985	FBtr0340134	86.264	182	25	0	542	723	343	524	2.99e-52	198
FBtr0345517	FBtr0345518	93.590	156	10	0	49	204	186	341	1.39e-62	233
FBtr0345517	FBtr0345518	85.641	195	27	1	542	735	343	537	1.09e-53	204
FBtr0345517	FBtr0340134	93.590	156	10	0	49	204	186	341	1.39e-62	233
FBtr0345517	FBtr0340134	86.264	182	25	0	542	723	343	524	5.07e-52	198
FBtr0087560	FBtr0305617	99.925	1335	1	0	399	1733	14	1348	0.0	2460
FBtr0087907	FBtr0334031	75.428	1986	445	39	154	2115	106	2072	0.0	924
FBtr0088061	FBtr0300860	89.407	236	20	2	572	803	257	491	1.79e-80	292
FBtr0347012	FBtr0300860	89.407	236	20	2	572	803	257	491	3.79e-80	292
FBtr0289990	FBtr0302913	97.917	240	5	0	984	1223	155	394	1.44e-117	416
FBtr0088226	FBtr0345971	88.492	252	13	6	473	709	6	256	4.80e-80	291
FBtr0088323	FBtr0336973	100.000	413	0	0	2570	2982	1	413	0.0	763
FBtr0302331	FBtr0333553	80.000	175	27	6	831	1005	327	493	4.21e-29	122
FBtr0302331	FBtr0088689	80.000	175	27	6	831	1005	327	493	4.21e-29	122
FBtr0345575	FBtr0333553	80.000	175	27	6	2055	2229	327	493	7.70e-29	122
FBtr0345575	FBtr0088689	80.000	175	27	6	2055	2229	327	493	7.70e-29	122
FBtr0345466	FBtr0076505	92.958	71	5	0	3263	3333	1	71	3.40e-23	104
FBtr0089102	FBtr0334478	99.745	392	1	0	676	1067	1	392	0.0	719
FBtr0110906	FBtr0334478	99.745	392	1	0	676	1067	1	392	0.0	719
FBtr0344874	FBtr0334478	99.745	392	1	0	676	1067	1	392	0.0	719
FBtr0089112	FBtr0475061	93.388	121	2	2	455	575	95	209	7.89e-45	174
FBtr0089112	FBtr0475061	96.875	96	3	0	310	405	1	96	6.14e-41	161
FBtr0089113	FBtr0475061	93.388	121	2	2	530	650	95	209	8.40e-45	174
FBtr0089113	FBtr0475061	96.875	96	3	0	385	480	1	96	6.54e-41	161
FBtr0089114	FBtr0475061	93.388	121	2	2	476	596	95	209	8.02e-45	174
FBtr0345065	FBtr0475061	100.000	53	0	0	318	370	157	209	3.98e-22	99.0
FBtr0308256	FBtr0475061	93.388	121	2	2	506	626	95	209	8.23e-45	174
FBtr0308256	FBtr0475061	96.875	96	3	0	361	456	1	96	6.41e-41	161
FBtr0304871	FBtr0475061	93.388	121	2	2	530	650	95	209	9.55e-45	174
FBtr0304871	FBtr0475061	96.875	96	3	0	385	480	1	96	7.43e-41	161
FBtr0089179	FBtr0333684	98.987	3060	15	2	2205	5264	12	3055	0.0	5465
FBtr0089179	FBtr0333684	99.841	629	1	0	5297	5925	3034	3662	0.0	1157
FBtr0089179	FBtr0333684	99.548	442	1	1	5970	6411	3660	4100	0.0	804
FBtr0089179	FBtr0089182	98.987	3060	15	2	2205	5264	12	3055	0.0	5465
FBtr0089179	FBtr0089182	99.841	629	1	0	5297	5925	3034	3662	0.0	1157
FBtr0089179	FBtr0089182	100.000	535	0	0	5970	6504	3660	4194	0.0	989
FBtr0089179	FBtr0333683	98.791	3060	21	2	2205	5264	29	3072	0.0	5432
FBtr0089179	FBtr0333683	99.910	1106	1	0	5297	6402	3051	4156	0.0	2037
FBtr0089179	FBtr0089181	98.791	3060	21	2	2205	5264	29	3072	0.0	5432
FBtr0089179	FBtr0089181	99.917	1211	1	0	5297	6507	3051	4261	0.0	2231
FBtr0089179	FBtr0089180	99.748	2782	7	0	3729	6510	179	2960	0.0	5099
FBtr0089179	FBtr0089180	98.788	165	2	0	2205	2369	12	176	3.51e-80	294
FBtr0089179	FBtr0333682	99.738	2674	7	0	3729	6402	179	2852	0.0	4900
FBtr0089179	FBtr0333682	98.788	165	2	0	2205	2369	12	176	3.51e-80	294
FBtr0308297	FBtr0333684	98.987	3060	15	2	2205	5264	12	3055	0.0	5465
FBtr0308297	FBtr0333684	99.841	629	1	0	5297	5925	3034	3662	0.0	1157
FBtr0308297	FBtr0333684	99.548	442	1	1	5970	6411	3660	4100	0.0	804
FBtr0308297	FBtr0333684	100.000	217	0	0	6834	7050	4089	4305	2.11e-112	401
FBtr0308297	FBtr0089182	98.987	3060	15	2	2205	5264	12	3055	0.0	5465
FBtr0308297	FBtr0089182	99.841	629	1	0	5297	5925	3034	3662	0.0	1157
FBtr0308297	FBtr0089182	100.000	535	0	0	5970	6504	3660	4194	0.0	989
FBtr0308297	FBtr0333683	98.791	3060	21	2	2205	5264	29	3072	0.0	5432
FBtr0308297	FBtr0333683	99.910	1106	1	0	5297	6402	3051	4156	0.0	2037
FBtr0308297	FBtr0333683	100.000	186	0	0	6835	7020	4157	4342	3.61e-95	344
FBtr0308297	FBtr0089181	98.791	3060	21	2	2205	5264	29	3072	0.0	5432
FBtr0308297	FBtr0089181	99.917	1211	1	0	5297	6507	3051	4261	0.0	2231
FBtr0308297	FBtr0089180	99.748	2782	7	0	3729	6510	179	2960	0.0	5099
FBtr0308297	FBtr0089180	98.788	165	2	0	2205	2369	12	176	3.68e-80	294
FBtr0308297	FBtr0333682	99.738	2674	7	0	3729	6402	179	2852	0.0	4900
FBtr0308297	FBtr0333682	100.000	186	0	0	6835	7020	2853	3038	3.61e-95	344
FBtr0308297	FBtr0333682	98.788	165	2	0	2205	2369	12	176	3.68e-80	294
FBtr0089184	FBtr0305903	92.157	306	20	2	596	901	229	530	4.58e-121	429
FBtr0344897	FBtr0305903	92.053	302	20	2	596	897	229	526	6.41e-119	422
FBtr0332858	FBtr0305903	92.157	306	20	2	596	901	229	530	8.19e-121	429
FBtr0332859	FBtr0305903	92.157	306	20	2	596	901	229	530	4.13e-121	429
FBtr0339509	FBtr0089858	100.000	29	0	0	3728	3756	527	499	3.73e-08	54.7
FBtr0479793	FBtr0089858	100.000	29	0	0	3779	3807	527	499	3.78e-08	54.7
FBtr0089597	FBtr0089858	97.143	35	0	1	2795	2829	494	527	2.29e-09	58.4
FBtr0089598	FBtr0089858	97.143	35	0	1	2733	2767	494	527	2.25e-09	58.4
FBtr0331859	FBtr0089858	97.143	35	0	1	2789	2823	494	527	2.29e-09	58.4
FBtr0273411	FBtr0347036	89.437	142	15	0	123	264	87	228	6.88e-47	180
FBtr0273411	FBtr0303926	89.437	142	15	0	123	264	87	228	6.88e-47	180
FBtr0333843	FBtr0347036	89.437	142	15	0	123	264	87	228	1.13e-46	180
FBtr0333843	FBtr0303926	89.437	142	15	0	123	264	87	228	1.13e-46	180
FBtr0074930	FBtr0347036	87.815	238	28	1	53	289	1	238	2.59e-76	278
FBtr0074930	FBtr0303926	87.815	238	28	1	53	289	1	238	2.59e-76	278
FBtr0074930	FBtr0303863	92.500	80	6	0	195	274	56	135	2.15e-27	115
FBtr0074930	FBtr0303863	89.583	48	4	1	287	333	124	171	1.02e-10	60.2
FBtr0333844	FBtr0347036	87.815	238	28	1	53	289	1	238	3.08e-76	278
FBtr0333844	FBtr0303926	87.815	238	28	1	53	289	1	238	3.08e-76	278
FBtr0333844	FBtr0303863	92.500	80	6	0	195	274	56	135	2.55e-27	115
FBtr0333844	FBtr0303863	89.583	48	4	1	287	333	124	171	1.21e-10	60.2
FBtr0273409	FBtr0347036	89.437	142	15	0	120	261	87	228	7.79e-47	180
FBtr0273409	FBtr0303926	89.437	142	15	0	120	261	87	228	7.79e-47	180
FBtr0074932	FBtr0347036	89.610	231	15	1	395	616	1	231	2.25e-78	285
FBtr0074932	FBtr0347036	96.386	83	2	1	649	730	225	307	2.40e-33	135
FBtr0074932	FBtr0303926	89.610	231	15	1	395	616	1	231	2.25e-78	285
FBtr0074932	FBtr0303926	96.386	83	2	1	649	730	225	307	2.40e-33	135
FBtr0074984	FBtr0347036	87.815	238	28	1	55	291	1	238	2.59e-76	278
FBtr0074984	FBtr0303926	87.815	238	28	1	55	291	1	238	2.59e-76	278
FBtr0074984	FBtr0303863	92.500	80	6	0	197	276	56	135	2.15e-27	115
FBtr0074984	FBtr0303863	92.857	42	3	0	289	330	124	165	2.83e-11	62.1
FBtr0074984	FBtr0303863	89.583	48	4	1	328	374	124	171	1.02e-10	60.2
FBtr0273406	FBtr0347036	89.437	142	15	0	120	261	87	228	7.61e-47	180
FBtr0273406	FBtr0303926	89.437	142	15	0	120	261	87	228	7.61e-47	180
FBtr0074986	FBtr0347036	87.395	238	29	1	51	287	1	238	1.09e-74	272
FBtr0074986	FBtr0303926	87.395	238	29	1	51	287	1	238	1.09e-74	272
FBtr0074986	FBtr0303863	94.737	57	3	0	330	386	151	207	1.17e-19	89.8
FBtr0070025	FBtr0445175	99.002	501	3	2	598	1097	2	501	0.0	896
FBtr0070025	FBtr0445177	99.002	501	3	2	598	1097	2	501	0.0	896
FBtr0070025	FBtr0344321	99.002	501	3	2	598	1097	2	501	0.0	896
FBtr0070025	FBtr0344320	99.002	501	3	2	598	1097	2	501	0.0	896
FBtr0070025	FBtr0344319	99.002	501	3	2	598	1097	24	523	0.0	896
FBtr0070025	FBtr0445173	98.802	501	4	2	598	1097	2	501	0.0	891
FBtr0070025	FBtr0344318	98.802	501	4	2	598	1097	2	501	0.0	891
FBtr0301931	FBtr0445175	98.413	504	3	3	598	1100	2	501	0.0	881
FBtr0301931	FBtr0445177	98.413	504	3	3	598	1100	2	501	0.0	881
FBtr0301931	FBtr0344321	98.413	504	3	3	598	1100	2	501	0.0	881
FBtr0301931	FBtr0344320	98.413	504	3	3	598	1100	2	501	0.0	881
FBtr0301931	FBtr0344319	98.413	504	3	3	598	1100	24	523	0.0	881
FBtr0301931	FBtr0445173	98.214	504	4	3	598	1100	2	501	0.0	876
FBtr0301931	FBtr0344318	98.214	504	4	3	598	1100	2	501	0.0	876
FBtr0074233	FBtr0307119	91.102	753	47	8	487	1226	1	746	0.0	1002
FBtr0074233	FBtr0111304	88.208	424	22	12	1339	1759	1	399	8.78e-137	481
FBtr0074233	FBtr0307117	91.566	332	12	3	1163	1494	414	729	1.15e-125	444
FBtr0074233	FBtr0307117	86.495	311	15	4	176	486	1	284	2.62e-87	316
FBtr0074232	FBtr0307119	91.102	753	47	8	487	1226	1	746	0.0	1002
FBtr0074232	FBtr0111304	88.208	424	22	12	1339	1759	1	399	1.40e-136	481
FBtr0074232	FBtr0307117	91.566	332	12	3	1163	1494	414	729	1.83e-125	444
FBtr0074232	FBtr0307117	86.495	311	15	4	176	486	1	284	4.17e-87	316
FBtr0100586	FBtr0307119	91.102	753	47	8	487	1226	1	746	0.0	1002
FBtr0100586	FBtr0111304	88.208	424	22	12	1339	1759	1	399	1.87e-136	481
FBtr0100586	FBtr0307117	91.566	332	12	3	1163	1494	414	729	2.46e-125	444
FBtr0100586	FBtr0307117	86.495	311	15	4	176	486	1	284	5.58e-87	316
FBtr0340313	FBtr0307119	91.102	753	47	8	487	1226	1	746	0.0	1002
FBtr0340313	FBtr0111304	88.208	424	22	12	1339	1759	1	399	2.52e-136	481
FBtr0340313	FBtr0307117	91.566	332	12	3	1163	1494	414	729	3.31e-125	444
FBtr0340313	FBtr0307117	86.495	311	15	4	176	486	1	284	7.52e-87	316
FBtr0344971	FBtr0307112	96.064	813	21	6	553	1355	812	1	0.0	1314
FBtr0344971	FBtr0307112	100.000	305	0	0	252	556	1182	878	4.66e-161	564
FBtr0344971	FBtr0334486	94.640	597	21	6	553	1139	994	399	0.0	915
FBtr0344971	FBtr0334486	100.000	400	0	0	2389	2788	400	1	0.0	739
FBtr0344971	FBtr0334486	100.000	305	0	0	252	556	1364	1060	4.66e-161	564
FBtr0301173	FBtr0301172	97.769	762	10	1	407	1168	3	757	0.0	1306
FBtr0301173	FBtr0301174	98.264	288	4	1	1559	1846	69	355	2.13e-143	503
FBtr0301173	FBtr0331679	98.587	283	4	0	1564	1846	69	351	7.66e-143	501
FBtr0340651	FBtr0301172	95.013	762	10	2	407	1147	3	757	0.0	1171
FBtr0340651	FBtr0331679	98.524	271	4	0	1540	1810	81	351	3.69e-136	479
FBtr0340651	FBtr0301174	98.524	271	4	0	1540	1810	85	355	3.69e-136	479
FBtr0100851	FBtr0304146	100.000	171	0	0	83	253	137	307	1.26e-87	316
FBtr0100851	FBtr0304146	100.000	82	0	0	1	82	1	82	3.76e-38	152
FBtr0072493	FBtr0304146	100.000	240	0	0	1	240	68	307	5.47e-126	444
FBtr0085097	FBtr0306722	79.026	267	17	15	1539	1805	427	654	5.34e-36	147
FBtr0085097	FBtr0306722	82.222	135	12	5	2831	2959	1110	1238	9.07e-24	106
FBtr0085099	FBtr0306722	79.026	267	17	15	1560	1826	427	654	5.37e-36	147
FBtr0085099	FBtr0306722	82.222	135	12	5	2852	2980	1110	1238	9.12e-24	106
FBtr0300939	FBtr0306722	79.026	267	17	15	1560	1826	427	654	5.52e-36	147
FBtr0300939	FBtr0306722	82.222	135	12	5	2945	3073	1110	1238	9.37e-24	106
FBtr0334310	FBtr0306722	79.026	267	17	15	1524	1790	427	654	5.46e-36	147
FBtr0334310	FBtr0306722	82.222	135	12	5	2909	3037	1110	1238	9.27e-24	106
FBtr0091805	FBtr0085895	99.273	825	6	0	1	825	1	825	0.0	1491
FBtr0091807	FBtr0085891	100.000	302	0	0	167	468	2	303	8.62e-161	558
FBtr0085892	FBtr0085895	99.515	825	4	0	1	825	1	825	0.0	1502
FBtr0085893	FBtr0091809	98.413	441	6	1	53	493	1	440	0.0	774
FBtr0085893	FBtr0085890	98.095	315	6	0	53	367	1	315	4.82e-158	549
FBtr0085893	FBtr0085889	98.095	315	6	0	53	367	1	315	4.82e-158	549
FBtr0085893	FBtr0091815	100.000	214	0	0	280	493	120	333	6.64e-112	396
FBtr0085893	FBtr0091815	100.000	118	0	0	1	118	1	118	1.54e-58	219
FBtr0085893	FBtr0091806	100.000	214	0	0	280	493	120	333	6.64e-112	396
FBtr0085893	FBtr0091806	100.000	118	0	0	1	118	1	118	1.54e-58	219
FBtr0085893	FBtr0302347	90.146	274	17	6	111	381	3	269	1.89e-97	348
FBtr0085894	FBtr0085891	100.000	302	0	0	167	468	2	303	8.62e-161	558
FBtr0091808	FBtr0085895	99.394	825	5	0	1	825	1	825	0.0	1496
FBtr0091810	FBtr0085891	100.000	302	0	0	167	468	2	303	8.62e-161	558
FBtr0091811	FBtr0085895	99.394	825	5	0	1	825	1	825	0.0	1496
FBtr0091812	FBtr0091809	98.413	441	6	1	36	476	1	440	0.0	774
FBtr0091812	FBtr0085890	98.095	315	6	0	36	350	1	315	4.66e-158	549
FBtr0091812	FBtr0085889	98.095	315	6	0	36	350	1	315	4.66e-158	549
FBtr0091812	FBtr0091815	100.000	214	0	0	263	476	120	333	6.43e-112	396
FBtr0091812	FBtr0091815	100.000	101	0	0	1	101	18	118	4.21e-49	187
FBtr0091812	FBtr0091806	100.000	214	0	0	263	476	120	333	6.43e-112	396
FBtr0091812	FBtr0091806	100.000	101	0	0	1	101	18	118	4.21e-49	187
FBtr0091812	FBtr0302347	90.146	274	17	6	94	364	3	269	1.83e-97	348
FBtr0091813	FBtr0085891	100.000	302	0	0	167	468	2	303	8.62e-161	558
FBtr0091814	FBtr0085895	99.394	825	5	0	1	825	1	825	0.0	1496
FBtr0091816	FBtr0085891	100.000	302	0	0	167	468	2	303	8.62e-161	558
FBtr0091817	FBtr0085895	99.515	825	4	0	1	825	1	825	0.0	1502
FBtr0091818	FBtr0091809	98.413	441	6	1	53	493	1	440	0.0	774
FBtr0091818	FBtr0085890	98.095	315	6	0	53	367	1	315	4.82e-158	549
FBtr0091818	FBtr0085889	98.095	315	6	0	53	367	1	315	4.82e-158	549
FBtr0091818	FBtr0091815	100.000	214	0	0	280	493	120	333	6.64e-112	396
FBtr0091818	FBtr0091815	100.000	118	0	0	1	118	1	118	1.54e-58	219
FBtr0091818	FBtr0091806	100.000	214	0	0	280	493	120	333	6.64e-112	396
FBtr0091818	FBtr0091806	100.000	118	0	0	1	118	1	118	1.54e-58	219
FBtr0091818	FBtr0302347	90.146	274	17	6	111	381	3	269	1.89e-97	348
FBtr0091819	FBtr0085891	100.000	302	0	0	167	468	2	303	8.62e-161	558
FBtr0091820	FBtr0085895	99.394	825	5	0	1	825	1	825	0.0	1496
FBtr0091821	FBtr0091809	98.413	441	6	1	53	493	1	440	0.0	774
FBtr0091821	FBtr0085890	98.095	315	6	0	53	367	1	315	4.82e-158	549
FBtr0091821	FBtr0085889	98.095	315	6	0	53	367	1	315	4.82e-158	549
FBtr0091821	FBtr0091815	100.000	214	0	0	280	493	120	333	6.64e-112	396
FBtr0091821	FBtr0091815	100.000	118	0	0	1	118	1	118	1.54e-58	219
FBtr0091821	FBtr0091806	100.000	214	0	0	280	493	120	333	6.64e-112	396
FBtr0091821	FBtr0091806	100.000	118	0	0	1	118	1	118	1.54e-58	219
FBtr0091821	FBtr0302347	90.146	274	17	6	111	381	3	269	1.89e-97	348
FBtr0091822	FBtr0085891	99.669	302	1	0	167	468	2	303	4.01e-159	553
FBtr0091823	FBtr0085895	99.394	825	5	0	1	825	1	825	0.0	1496
FBtr0091824	FBtr0091809	98.413	441	6	1	53	493	1	440	0.0	774
FBtr0091824	FBtr0085890	98.095	315	6	0	53	367	1	315	4.82e-158	549
FBtr0091824	FBtr0085889	98.095	315	6	0	53	367	1	315	4.82e-158	549
FBtr0091824	FBtr0091815	100.000	214	0	0	280	493	120	333	6.64e-112	396
FBtr0091824	FBtr0091815	100.000	118	0	0	1	118	1	118	1.54e-58	219
FBtr0091824	FBtr0091806	100.000	214	0	0	280	493	120	333	6.64e-112	396
FBtr0091824	FBtr0091806	100.000	118	0	0	1	118	1	118	1.54e-58	219
FBtr0091824	FBtr0302347	90.146	274	17	6	111	381	3	269	1.89e-97	348
FBtr0091825	FBtr0085891	99.669	302	1	0	167	468	2	303	4.01e-159	553
FBtr0091826	FBtr0085895	99.273	825	6	0	1	825	1	825	0.0	1491
FBtr0091827	FBtr0091809	98.413	441	6	1	53	493	1	440	0.0	774
FBtr0091827	FBtr0085890	98.095	315	6	0	53	367	1	315	4.82e-158	549
FBtr0091827	FBtr0085889	98.095	315	6	0	53	367	1	315	4.82e-158	549
FBtr0091827	FBtr0091815	100.000	214	0	0	280	493	120	333	6.64e-112	396
FBtr0091827	FBtr0091815	100.000	118	0	0	1	118	1	118	1.54e-58	219
FBtr0091827	FBtr0091806	100.000	214	0	0	280	493	120	333	6.64e-112	396
FBtr0091827	FBtr0091806	100.000	118	0	0	1	118	1	118	1.54e-58	219
FBtr0091827	FBtr0302347	90.146	274	17	6	111	381	3	269	1.89e-97	348
FBtr0091828	FBtr0085891	99.669	302	1	0	167	468	2	303	4.01e-159	553
FBtr0091829	FBtr0085895	99.273	825	6	0	1	825	1	825	0.0	1491
FBtr0091830	FBtr0091809	98.413	441	6	1	53	493	1	440	0.0	774
FBtr0091830	FBtr0085890	98.095	315	6	0	53	367	1	315	4.82e-158	549
FBtr0091830	FBtr0085889	98.095	315	6	0	53	367	1	315	4.82e-158	549
FBtr0091830	FBtr0091815	100.000	214	0	0	280	493	120	333	6.64e-112	396
FBtr0091830	FBtr0091815	100.000	118	0	0	1	118	1	118	1.54e-58	219
FBtr0091830	FBtr0091806	100.000	214	0	0	280	493	120	333	6.64e-112	396
FBtr0091830	FBtr0091806	100.000	118	0	0	1	118	1	118	1.54e-58	219
FBtr0091830	FBtr0302347	90.146	274	17	6	111	381	3	269	1.89e-97	348
FBtr0091831	FBtr0085891	99.669	302	1	0	167	468	2	303	4.01e-159	553
FBtr0091832	FBtr0085895	99.273	825	6	0	1	825	1	825	0.0	1491
FBtr0091833	FBtr0091809	98.413	441	6	1	53	493	1	440	0.0	774
FBtr0091833	FBtr0085890	98.095	315	6	0	53	367	1	315	4.82e-158	549
FBtr0091833	FBtr0085889	98.095	315	6	0	53	367	1	315	4.82e-158	549
FBtr0091833	FBtr0091815	100.000	214	0	0	280	493	120	333	6.64e-112	396
FBtr0091833	FBtr0091815	100.000	118	0	0	1	118	1	118	1.54e-58	219
FBtr0091833	FBtr0091806	100.000	214	0	0	280	493	120	333	6.64e-112	396
FBtr0091833	FBtr0091806	100.000	118	0	0	1	118	1	118	1.54e-58	219
FBtr0091833	FBtr0302347	90.146	274	17	6	111	381	3	269	1.89e-97	348
FBtr0091834	FBtr0085891	99.669	302	1	0	167	468	2	303	4.01e-159	553
FBtr0091835	FBtr0085895	99.273	825	6	0	1	825	1	825	0.0	1491
FBtr0091836	FBtr0091809	98.413	441	6	1	53	493	1	440	0.0	774
FBtr0091836	FBtr0085890	98.095	315	6	0	53	367	1	315	4.82e-158	549
FBtr0091836	FBtr0085889	98.095	315	6	0	53	367	1	315	4.82e-158	549
FBtr0091836	FBtr0091815	100.000	214	0	0	280	493	120	333	6.64e-112	396
FBtr0091836	FBtr0091815	99.153	118	1	0	1	118	1	118	7.18e-57	213
FBtr0091836	FBtr0091806	100.000	214	0	0	280	493	120	333	6.64e-112	396
FBtr0091836	FBtr0091806	99.153	118	1	0	1	118	1	118	7.18e-57	213
FBtr0091836	FBtr0302347	90.146	274	17	6	111	381	3	269	1.89e-97	348
FBtr0091837	FBtr0085891	100.000	302	0	0	167	468	2	303	8.62e-161	558
FBtr0091838	FBtr0085895	99.030	825	8	0	1	825	1	825	0.0	1480
FBtr0091839	FBtr0091809	98.413	441	6	1	53	493	1	440	0.0	774
FBtr0091839	FBtr0085890	98.095	315	6	0	53	367	1	315	4.82e-158	549
FBtr0091839	FBtr0085889	98.095	315	6	0	53	367	1	315	4.82e-158	549
FBtr0091839	FBtr0091815	100.000	214	0	0	280	493	120	333	6.64e-112	396
FBtr0091839	FBtr0091815	99.153	118	1	0	1	118	1	118	7.18e-57	213
FBtr0091839	FBtr0091806	100.000	214	0	0	280	493	120	333	6.64e-112	396
FBtr0091839	FBtr0091806	99.153	118	1	0	1	118	1	118	7.18e-57	213
FBtr0091839	FBtr0302347	90.146	274	17	6	111	381	3	269	1.89e-97	348
FBtr0091840	FBtr0085891	100.000	302	0	0	167	468	2	303	8.62e-161	558
FBtr0091841	FBtr0085895	99.515	825	4	0	1	825	1	825	0.0	1502
FBtr0091842	FBtr0091809	98.413	441	6	1	53	493	1	440	0.0	774
FBtr0091842	FBtr0085890	98.095	315	6	0	53	367	1	315	4.82e-158	549
FBtr0091842	FBtr0085889	98.095	315	6	0	53	367	1	315	4.82e-158	549
FBtr0091842	FBtr0091815	100.000	214	0	0	280	493	120	333	6.64e-112	396
FBtr0091842	FBtr0091815	99.153	118	1	0	1	118	1	118	7.18e-57	213
FBtr0091842	FBtr0091806	100.000	214	0	0	280	493	120	333	6.64e-112	396
FBtr0091842	FBtr0091806	99.153	118	1	0	1	118	1	118	7.18e-57	213
FBtr0091842	FBtr0302347	90.146	274	17	6	111	381	3	269	1.89e-97	348
FBtr0091843	FBtr0085891	100.000	302	0	0	167	468	2	303	8.62e-161	558
FBtr0091844	FBtr0085895	99.515	825	4	0	1	825	1	825	0.0	1502
FBtr0091845	FBtr0091809	98.413	441	6	1	53	493	1	440	0.0	774
FBtr0091845	FBtr0085890	98.095	315	6	0	53	367	1	315	4.82e-158	549
FBtr0091845	FBtr0085889	98.095	315	6	0	53	367	1	315	4.82e-158	549
FBtr0091845	FBtr0091815	100.000	214	0	0	280	493	120	333	6.64e-112	396
FBtr0091845	FBtr0091815	99.153	118	1	0	1	118	1	118	7.18e-57	213
FBtr0091845	FBtr0091806	100.000	214	0	0	280	493	120	333	6.64e-112	396
FBtr0091845	FBtr0091806	99.153	118	1	0	1	118	1	118	7.18e-57	213
FBtr0091845	FBtr0302347	90.146	274	17	6	111	381	3	269	1.89e-97	348
FBtr0091846	FBtr0085891	100.000	302	0	0	167	468	2	303	8.62e-161	558
FBtr0091847	FBtr0085895	99.515	825	4	0	1	825	1	825	0.0	1502
FBtr0091848	FBtr0091809	98.413	441	6	1	53	493	1	440	0.0	774
FBtr0091848	FBtr0085890	98.095	315	6	0	53	367	1	315	4.82e-158	549
FBtr0091848	FBtr0085889	98.095	315	6	0	53	367	1	315	4.82e-158	549
FBtr0091848	FBtr0091815	100.000	214	0	0	280	493	120	333	6.64e-112	396
FBtr0091848	FBtr0091815	99.153	118	1	0	1	118	1	118	7.18e-57	213
FBtr0091848	FBtr0091806	100.000	214	0	0	280	493	120	333	6.64e-112	396
FBtr0091848	FBtr0091806	99.153	118	1	0	1	118	1	118	7.18e-57	213
FBtr0091848	FBtr0302347	90.146	274	17	6	111	381	3	269	1.89e-97	348
FBtr0091849	FBtr0085891	100.000	302	0	0	167	468	2	303	8.62e-161	558
FBtr0091850	FBtr0085895	99.515	825	4	0	1	825	1	825	0.0	1502
FBtr0091851	FBtr0091809	98.413	441	6	1	53	493	1	440	0.0	774
FBtr0091851	FBtr0085890	98.095	315	6	0	53	367	1	315	4.82e-158	549
FBtr0091851	FBtr0085889	98.095	315	6	0	53	367	1	315	4.82e-158	549
FBtr0091851	FBtr0091815	100.000	214	0	0	280	493	120	333	6.64e-112	396
FBtr0091851	FBtr0091815	99.153	118	1	0	1	118	1	118	7.18e-57	213
FBtr0091851	FBtr0091806	100.000	214	0	0	280	493	120	333	6.64e-112	396
FBtr0091851	FBtr0091806	99.153	118	1	0	1	118	1	118	7.18e-57	213
FBtr0091851	FBtr0302347	90.146	274	17	6	111	381	3	269	1.89e-97	348
FBtr0091852	FBtr0085891	100.000	302	0	0	167	468	2	303	8.62e-161	558
FBtr0091853	FBtr0085895	99.515	825	4	0	1	825	1	825	0.0	1502
FBtr0091854	FBtr0091809	98.413	441	6	1	53	493	1	440	0.0	774
FBtr0091854	FBtr0085890	98.095	315	6	0	53	367	1	315	4.82e-158	549
FBtr0091854	FBtr0085889	98.095	315	6	0	53	367	1	315	4.82e-158	549
FBtr0091854	FBtr0091815	100.000	214	0	0	280	493	120	333	6.64e-112	396
FBtr0091854	FBtr0091815	99.153	118	1	0	1	118	1	118	7.18e-57	213
FBtr0091854	FBtr0091806	100.000	214	0	0	280	493	120	333	6.64e-112	396
FBtr0091854	FBtr0091806	99.153	118	1	0	1	118	1	118	7.18e-57	213
FBtr0091854	FBtr0302347	90.146	274	17	6	111	381	3	269	1.89e-97	348
FBtr0091855	FBtr0085891	100.000	302	0	0	167	468	2	303	8.62e-161	558
FBtr0091856	FBtr0085895	99.515	825	4	0	1	825	1	825	0.0	1502
FBtr0091857	FBtr0091809	98.186	441	7	1	53	493	1	440	0.0	769
FBtr0091857	FBtr0085890	97.778	315	7	0	53	367	1	315	2.24e-156	544
FBtr0091857	FBtr0085889	97.778	315	7	0	53	367	1	315	2.24e-156	544
FBtr0091857	FBtr0091815	100.000	214	0	0	280	493	120	333	6.64e-112	396
FBtr0091857	FBtr0091815	98.305	118	2	0	1	118	1	118	3.34e-55	207
FBtr0091857	FBtr0091806	100.000	214	0	0	280	493	120	333	6.64e-112	396
FBtr0091857	FBtr0091806	98.305	118	2	0	1	118	1	118	3.34e-55	207
FBtr0091857	FBtr0302347	90.146	274	17	6	111	381	3	269	1.89e-97	348
FBtr0091858	FBtr0085891	100.000	302	0	0	167	468	2	303	8.62e-161	558
FBtr0091859	FBtr0085895	99.636	825	3	0	1	825	1	825	0.0	1507
FBtr0091860	FBtr0091809	98.186	441	7	1	53	493	1	440	0.0	769
FBtr0091860	FBtr0085890	97.778	315	7	0	53	367	1	315	2.24e-156	544
FBtr0091860	FBtr0085889	97.778	315	7	0	53	367	1	315	2.24e-156	544
FBtr0091860	FBtr0091815	100.000	214	0	0	280	493	120	333	6.64e-112	396
FBtr0091860	FBtr0091815	98.305	118	2	0	1	118	1	118	3.34e-55	207
FBtr0091860	FBtr0091806	100.000	214	0	0	280	493	120	333	6.64e-112	396
FBtr0091860	FBtr0091806	98.305	118	2	0	1	118	1	118	3.34e-55	207
FBtr0091860	FBtr0302347	90.146	274	17	6	111	381	3	269	1.89e-97	348
FBtr0091861	FBtr0085891	100.000	302	0	0	167	468	2	303	8.62e-161	558
FBtr0091862	FBtr0085895	99.636	825	3	0	1	825	1	825	0.0	1507
FBtr0091863	FBtr0091809	98.186	441	7	1	53	493	1	440	0.0	769
FBtr0091863	FBtr0085890	97.778	315	7	0	53	367	1	315	2.24e-156	544
FBtr0091863	FBtr0085889	97.778	315	7	0	53	367	1	315	2.24e-156	544
FBtr0091863	FBtr0091815	100.000	214	0	0	280	493	120	333	6.64e-112	396
FBtr0091863	FBtr0091815	98.305	118	2	0	1	118	1	118	3.34e-55	207
FBtr0091863	FBtr0091806	100.000	214	0	0	280	493	120	333	6.64e-112	396
FBtr0091863	FBtr0091806	98.305	118	2	0	1	118	1	118	3.34e-55	207
FBtr0091863	FBtr0302347	90.146	274	17	6	111	381	3	269	1.89e-97	348
FBtr0091864	FBtr0085891	100.000	302	0	0	167	468	2	303	8.62e-161	558
FBtr0091865	FBtr0085895	99.636	825	3	0	1	825	1	825	0.0	1507
FBtr0091866	FBtr0091809	98.413	441	6	1	53	493	1	440	0.0	774
FBtr0091866	FBtr0085890	98.095	315	6	0	53	367	1	315	4.82e-158	549
FBtr0091866	FBtr0085889	98.095	315	6	0	53	367	1	315	4.82e-158	549
FBtr0091866	FBtr0091815	100.000	214	0	0	280	493	120	333	6.64e-112	396
FBtr0091866	FBtr0091815	99.153	118	1	0	1	118	1	118	7.18e-57	213
FBtr0091866	FBtr0091806	100.000	214	0	0	280	493	120	333	6.64e-112	396
FBtr0091866	FBtr0091806	99.153	118	1	0	1	118	1	118	7.18e-57	213
FBtr0091866	FBtr0302347	90.146	274	17	6	111	381	3	269	1.89e-97	348
FBtr0091867	FBtr0085891	100.000	302	0	0	167	468	2	303	8.62e-161	558
FBtr0091868	FBtr0085895	99.515	825	4	0	1	825	1	825	0.0	1502
FBtr0091869	FBtr0091809	98.413	441	6	1	53	493	1	440	0.0	774
FBtr0091869	FBtr0085890	98.095	315	6	0	53	367	1	315	4.82e-158	549
FBtr0091869	FBtr0085889	98.095	315	6	0	53	367	1	315	4.82e-158	549
FBtr0091869	FBtr0091815	100.000	214	0	0	280	493	120	333	6.64e-112	396
FBtr0091869	FBtr0091815	99.153	118	1	0	1	118	1	118	7.18e-57	213
FBtr0091869	FBtr0091806	100.000	214	0	0	280	493	120	333	6.64e-112	396
FBtr0091869	FBtr0091806	99.153	118	1	0	1	118	1	118	7.18e-57	213
FBtr0091869	FBtr0302347	90.146	274	17	6	111	381	3	269	1.89e-97	348
FBtr0091870	FBtr0085891	100.000	302	0	0	167	468	2	303	8.62e-161	558
FBtr0091872	FBtr0302353	97.442	391	10	0	25	415	1	391	0.0	667
FBtr0091873	FBtr0091871	99.430	526	3	0	1	526	1	526	0.0	955
FBtr0091874	FBtr0302353	97.442	391	10	0	25	415	1	391	0.0	667
FBtr0091875	FBtr0091871	99.432	528	1	2	1	528	1	526	0.0	957
FBtr0091876	FBtr0302353	97.442	391	10	0	25	415	1	391	0.0	667
FBtr0091877	FBtr0091871	99.432	528	1	2	1	528	1	526	0.0	957
FBtr0091878	FBtr0302353	97.442	391	10	0	25	415	1	391	0.0	667
FBtr0091879	FBtr0091871	99.432	528	1	2	1	528	1	526	0.0	957
FBtr0091880	FBtr0302353	97.442	391	10	0	25	415	1	391	0.0	667
FBtr0091881	FBtr0091871	99.728	368	1	0	1	368	159	526	0.0	675
FBtr0091882	FBtr0302353	97.442	391	10	0	25	415	1	391	0.0	667
FBtr0091883	FBtr0091871	99.728	368	1	0	1	368	159	526	0.0	675
FBtr0091884	FBtr0302353	97.442	391	10	0	25	415	1	391	0.0	667
FBtr0091885	FBtr0091871	99.728	368	1	0	1	368	159	526	0.0	675
FBtr0091886	FBtr0302353	97.442	391	10	0	25	415	1	391	0.0	667
FBtr0091887	FBtr0091871	100.000	368	0	0	1	368	159	526	0.0	680
FBtr0091888	FBtr0302353	97.442	391	10	0	25	415	1	391	0.0	667
FBtr0091889	FBtr0091871	100.000	368	0	0	1	368	159	526	0.0	680
FBtr0091890	FBtr0302353	97.442	391	10	0	25	415	1	391	0.0	667
FBtr0091891	FBtr0091871	100.000	368	0	0	1	368	159	526	0.0	680
FBtr0091892	FBtr0302353	97.442	391	10	0	25	415	1	391	0.0	667
FBtr0091893	FBtr0091871	100.000	368	0	0	1	368	159	526	0.0	680
FBtr0091894	FBtr0302353	97.442	391	10	0	25	415	1	391	0.0	667
FBtr0091895	FBtr0091871	99.728	368	1	0	1	368	159	526	0.0	675
FBtr0091896	FBtr0302353	97.442	391	10	0	25	415	1	391	0.0	667
FBtr0091897	FBtr0091871	99.728	368	1	0	1	368	159	526	0.0	675
FBtr0091898	FBtr0302353	97.442	391	10	0	25	415	1	391	0.0	667
FBtr0091899	FBtr0091871	99.728	368	1	0	1	368	159	526	0.0	675
FBtr0091900	FBtr0302353	97.442	391	10	0	25	415	1	391	0.0	667
FBtr0091901	FBtr0091871	99.728	368	1	0	1	368	159	526	0.0	675
FBtr0091902	FBtr0302353	97.442	391	10	0	25	415	1	391	0.0	667
FBtr0091903	FBtr0091871	99.728	368	1	0	1	368	159	526	0.0	675
FBtr0091904	FBtr0302353	97.442	391	10	0	25	415	1	391	0.0	667
FBtr0091905	FBtr0091871	100.000	368	0	0	1	368	159	526	0.0	680
FBtr0091906	FBtr0302353	97.442	391	10	0	25	415	1	391	0.0	667
FBtr0091907	FBtr0091871	100.000	368	0	0	1	368	159	526	0.0	680
FBtr0091908	FBtr0302353	97.442	391	10	0	25	415	1	391	0.0	667
FBtr0091909	FBtr0091871	100.000	368	0	0	1	368	159	526	0.0	680
FBtr0091910	FBtr0302353	97.442	391	10	0	25	415	1	391	0.0	667
FBtr0091911	FBtr0091871	99.401	334	1	1	35	367	193	526	8.44e-175	604
FBtr0091912	FBtr0302353	97.442	391	10	0	25	415	1	391	0.0	667
FBtr0085926	FBtr0091871	100.000	368	0	0	1	368	159	526	0.0	680
FBtr0085927	FBtr0302353	97.442	391	10	0	25	415	1	391	0.0	667
FBtr0091913	FBtr0091871	100.000	368	0	0	1	368	159	526	0.0	680
FBtr0091914	FBtr0302353	97.442	391	10	0	25	415	1	391	0.0	667
FBtr0302155	FBtr0304978	95.725	959	37	3	20	974	1	959	0.0	1541
FBtr0302155	FBtr0345859	98.355	851	14	0	20	870	1	851	0.0	1495
FBtr0302155	FBtr0304979	98.355	851	14	0	20	870	1	851	0.0	1495
FBtr0302155	FBtr0345000	94.645	971	36	8	20	974	1	971	0.0	1491
FBtr0302155	FBtr0331812	97.614	461	11	0	20	480	1	461	0.0	791
FBtr0302155	FBtr0331812	93.622	439	24	3	540	974	461	899	0.0	652
FBtr0100839	FBtr0346025	99.029	618	6	0	7407	8024	1	618	0.0	1109
FBtr0100839	FBtr0346024	99.029	618	6	0	7407	8024	1	618	0.0	1109
FBtr0100839	FBtr0346022	99.029	618	6	0	7407	8024	1	618	0.0	1109
FBtr0100839	FBtr0346023	97.735	618	14	0	7407	8024	1	618	0.0	1064
FBtr0332993	FBtr0346025	99.029	618	6	0	10603	11220	1	618	0.0	1109
FBtr0332993	FBtr0346024	99.029	618	6	0	10603	11220	1	618	0.0	1109
FBtr0332993	FBtr0346022	99.029	618	6	0	10603	11220	1	618	0.0	1109
FBtr0332993	FBtr0346023	97.735	618	14	0	10603	11220	1	618	0.0	1064
FBtr0113704	FBtr0302459	90.238	420	23	11	889	1308	1	402	2.17e-152	532
FBtr0113704	FBtr0304148	96.639	238	8	0	889	1126	1	238	2.97e-111	396
FBtr0113705	FBtr0302459	90.238	420	23	11	879	1298	1	402	2.16e-152	532
FBtr0113705	FBtr0304148	96.639	238	8	0	879	1116	1	238	2.96e-111	396
FBtr0300702	FBtr0302459	90.238	420	23	11	620	1039	1	402	1.90e-152	532
FBtr0300702	FBtr0304148	96.639	238	8	0	620	857	1	238	2.60e-111	396
FBtr0300703	FBtr0302459	90.238	420	23	11	941	1360	1	402	2.23e-152	532
FBtr0300703	FBtr0304148	96.639	238	8	0	941	1178	1	238	3.05e-111	396
FBtr0300704	FBtr0302459	90.238	420	23	11	630	1049	1	402	1.91e-152	532
FBtr0300704	FBtr0304148	96.639	238	8	0	630	867	1	238	2.61e-111	396
FBtr0344847	FBtr0302459	90.238	420	23	11	652	1071	1	402	1.93e-152	532
FBtr0344847	FBtr0304148	96.639	238	8	0	652	889	1	238	2.64e-111	396
FBtr0111126	FBtr0347083	98.141	1237	11	7	779	2013	1	1227	0.0	2146
FBtr0334157	FBtr0347083	98.141	1237	11	7	779	2013	1	1227	0.0	2146
FBtr0113813	FBtr0345338	93.956	1274	54	8	130	1399	18	1272	0.0	1905
FBtr0113813	FBtr0302915	92.565	1345	53	15	130	1469	2	1304	0.0	1886
FBtr0301797	FBtr0345338	93.970	1277	53	9	82	1353	15	1272	0.0	1910
FBtr0301797	FBtr0302915	92.576	1347	52	16	82	1423	1	1304	0.0	1890
FBtr0301802	FBtr0345338	94.016	1270	53	8	270	1535	22	1272	0.0	1903
FBtr0301802	FBtr0302915	92.617	1341	52	15	270	1605	6	1304	0.0	1884
FBtr0301803	FBtr0345338	94.025	1272	53	8	63	1330	20	1272	0.0	1906
FBtr0301803	FBtr0302915	92.628	1343	52	15	63	1400	4	1304	0.0	1888
FBtr0301804	FBtr0345338	94.016	1270	53	8	121	1386	22	1272	0.0	1903
FBtr0301804	FBtr0302915	92.617	1341	52	15	121	1456	6	1304	0.0	1884
FBtr0333380	FBtr0345338	93.970	1277	53	9	79	1350	15	1272	0.0	1910
FBtr0333380	FBtr0302915	92.576	1347	52	16	79	1420	1	1304	0.0	1890
FBtr0113700	FBtr0334740	95.426	481	11	2	611	1090	196	666	0.0	756
FBtr0113700	FBtr0334739	95.368	475	11	2	617	1090	97	561	0.0	745
FBtr0113700	FBtr0302397	95.368	475	11	2	617	1090	199	663	0.0	745
FBtr0113700	FBtr0302396	98.283	233	4	0	616	848	30	262	2.79e-115	409
FBtr0113700	FBtr0302396	100.000	189	0	0	902	1090	262	450	1.72e-97	350
FBtr0113700	FBtr0334741	98.276	232	4	0	617	848	199	430	1.00e-114	407
FBtr0113700	FBtr0334741	100.000	189	0	0	902	1090	430	618	1.72e-97	350
FBtr0113702	FBtr0334740	95.426	481	11	2	833	1312	196	666	0.0	756
FBtr0113702	FBtr0334739	95.368	475	11	2	839	1312	97	561	0.0	745
FBtr0113702	FBtr0302397	95.368	475	11	2	839	1312	199	663	0.0	745
FBtr0113702	FBtr0302396	98.283	233	4	0	838	1070	30	262	3.19e-115	409
FBtr0113702	FBtr0302396	100.000	189	0	0	1124	1312	262	450	1.96e-97	350
FBtr0113702	FBtr0334741	98.276	232	4	0	839	1070	199	430	1.15e-114	407
FBtr0113702	FBtr0334741	100.000	189	0	0	1124	1312	430	618	1.96e-97	350
FBtr0113703	FBtr0334740	95.426	481	11	2	652	1131	196	666	0.0	756
FBtr0113703	FBtr0334739	95.368	475	11	2	658	1131	97	561	0.0	745
FBtr0113703	FBtr0302397	95.368	475	11	2	658	1131	199	663	0.0	745
FBtr0113703	FBtr0302396	98.283	233	4	0	657	889	30	262	2.87e-115	409
FBtr0113703	FBtr0302396	100.000	189	0	0	943	1131	262	450	1.76e-97	350
FBtr0113703	FBtr0334741	98.276	232	4	0	658	889	199	430	1.03e-114	407
FBtr0113703	FBtr0334741	100.000	189	0	0	943	1131	430	618	1.76e-97	350
FBtr0329919	FBtr0334740	95.426	481	11	2	721	1200	196	666	0.0	756
FBtr0329919	FBtr0334739	95.368	475	11	2	727	1200	97	561	0.0	745
FBtr0329919	FBtr0302397	95.368	475	11	2	727	1200	199	663	0.0	745
FBtr0329919	FBtr0302396	98.283	233	4	0	726	958	30	262	4.18e-115	409
FBtr0329919	FBtr0302396	100.000	189	0	0	1012	1200	262	450	2.57e-97	350
FBtr0329919	FBtr0334741	98.276	232	4	0	727	958	199	430	1.50e-114	407
FBtr0329919	FBtr0334741	100.000	189	0	0	1012	1200	430	618	2.57e-97	350
FBtr0329920	FBtr0334740	95.426	481	11	2	690	1169	196	666	0.0	756
FBtr0329920	FBtr0334739	95.368	475	11	2	696	1169	97	561	0.0	745
FBtr0329920	FBtr0302397	95.368	475	11	2	696	1169	199	663	0.0	745
FBtr0329920	FBtr0302396	98.283	233	4	0	695	927	30	262	1.16e-114	409
FBtr0329920	FBtr0302396	100.000	189	0	0	981	1169	262	450	7.11e-97	350
FBtr0329920	FBtr0334741	98.276	232	4	0	696	927	199	430	4.16e-114	407
FBtr0329920	FBtr0334741	100.000	189	0	0	981	1169	430	618	7.11e-97	350
FBtr0345337	FBtr0334740	95.426	481	11	2	628	1107	196	666	0.0	756
FBtr0345337	FBtr0334739	95.368	475	11	2	634	1107	97	561	0.0	745
FBtr0345337	FBtr0302397	95.368	475	11	2	634	1107	199	663	0.0	745
FBtr0345337	FBtr0302396	98.283	233	4	0	633	865	30	262	3.69e-115	409
FBtr0345337	FBtr0302396	100.000	189	0	0	919	1107	262	450	2.27e-97	350
FBtr0345337	FBtr0334741	98.276	232	4	0	634	865	199	430	1.33e-114	407
FBtr0345337	FBtr0334741	100.000	189	0	0	919	1107	430	618	2.27e-97	350
FBtr0078270	FBtr0308947	90.618	906	62	7	52	945	6	900	0.0	1181
FBtr0078270	FBtr0308947	92.453	106	8	0	956	1061	946	1051	3.50e-38	152
FBtr0078270	FBtr0346742	90.602	798	57	7	12	797	1	792	0.0	1042
FBtr0078270	FBtr0346744	89.474	798	54	10	12	797	1	780	0.0	981
FBtr0078270	FBtr0346754	92.587	661	45	2	137	797	3	659	0.0	946
FBtr0078270	FBtr0346753	92.436	661	46	2	137	797	3	659	0.0	941
FBtr0078270	FBtr0346749	92.436	661	46	2	137	797	3	659	0.0	941
FBtr0078270	FBtr0346747	91.831	661	47	3	137	797	3	656	0.0	915
FBtr0078270	FBtr0346745	90.469	661	49	6	137	797	3	649	0.0	859
FBtr0078270	FBtr0346755	86.963	721	58	11	89	797	1	697	0.0	778
FBtr0078270	FBtr0346750	88.502	661	53	7	137	797	3	640	0.0	778
FBtr0078270	FBtr0346756	91.990	412	31	2	535	945	322	732	4.88e-166	577
FBtr0078270	FBtr0346756	86.926	283	22	4	89	359	1	280	9.14e-84	303
FBtr0301277	FBtr0114245	93.296	716	21	1	719	1434	510	1198	0.0	1031
FBtr0301277	FBtr0114245	99.161	477	4	0	18	494	1	477	0.0	859
FBtr0301277	FBtr0114245	100.000	32	0	0	512	543	480	511	6.77e-10	60.2
FBtr0301277	FBtr0114243	97.256	583	16	0	850	1432	459	1041	0.0	989
FBtr0301277	FBtr0114243	95.396	391	3	3	182	572	1	376	5.36e-175	608
FBtr0301277	FBtr0347566	91.828	722	38	14	1730	2431	1	721	0.0	987
FBtr0301277	FBtr0347566	88.221	416	20	15	2746	3160	709	1096	2.64e-133	470
FBtr0301277	FBtr0114244	96.913	583	18	0	850	1432	459	1041	0.0	977
FBtr0301277	FBtr0114244	95.396	391	3	3	182	572	1	376	5.36e-175	608
FBtr0301278	FBtr0114245	93.296	716	21	1	707	1422	510	1198	0.0	1031
FBtr0301278	FBtr0114245	99.454	366	2	0	117	482	112	477	0.0	665
FBtr0301278	FBtr0114245	100.000	32	0	0	500	531	480	511	6.74e-10	60.2
FBtr0301278	FBtr0114243	97.256	583	16	0	838	1420	459	1041	0.0	989
FBtr0301278	FBtr0114243	95.396	391	3	3	170	560	1	376	5.34e-175	608
FBtr0301278	FBtr0347566	91.828	722	38	14	1718	2419	1	721	0.0	987
FBtr0301278	FBtr0347566	88.221	416	20	15	2734	3148	709	1096	2.63e-133	470
FBtr0301278	FBtr0114244	96.913	583	18	0	838	1420	459	1041	0.0	977
FBtr0301278	FBtr0114244	95.396	391	3	3	170	560	1	376	5.34e-175	608
FBtr0299754	FBtr0345979	99.690	323	1	0	4026	4348	1	323	7.22e-170	592
FBtr0299755	FBtr0345979	99.690	323	1	0	4934	5256	1	323	8.73e-170	592
FBtr0299757	FBtr0345979	99.690	323	1	0	5227	5549	1	323	9.21e-170	592
FBtr0299758	FBtr0345979	99.690	323	1	0	4316	4638	1	323	7.70e-170	592
FBtr0299759	FBtr0345979	99.690	323	1	0	4319	4641	1	323	7.70e-170	592
FBtr0299761	FBtr0345979	99.690	323	1	0	3922	4244	1	323	7.04e-170	592
FBtr0299762	FBtr0345979	99.690	323	1	0	4214	4536	1	323	7.53e-170	592
FBtr0299763	FBtr0345979	99.690	323	1	0	4448	4770	1	323	7.92e-170	592
FBtr0299764	FBtr0345979	99.690	323	1	0	4741	5063	1	323	8.40e-170	592
FBtr0306698	FBtr0345979	99.690	323	1	0	3641	3963	1	323	6.58e-170	592
FBtr0300439	FBtr0346202	100.000	321	0	0	71	391	1	321	7.85e-171	593
FBtr0300439	FBtr0307118	98.182	55	0	1	358	411	523	469	9.71e-21	95.3
FBtr0300637	FBtr0114289	97.500	120	3	0	1278	1397	118	237	3.55e-54	206
FBtr0300637	FBtr0114289	98.611	72	1	0	1206	1277	1	72	7.89e-31	128
FBtr0077574	FBtr0077575	99.854	686	0	1	1323	2008	31	715	0.0	1260
FBtr0301567	FBtr0347301	96.970	33	1	0	160	192	21	53	1.08e-09	56.5
FBtr0301566	FBtr0347301	96.875	32	1	0	114	145	21	52	3.07e-09	54.7
FBtr0301565	FBtr0347301	89.416	274	29	0	116	389	21	294	5.66e-97	346
FBtr0301564	FBtr0347301	89.416	274	29	0	124	397	21	294	5.65e-97	346
FBtr0071135	FBtr0299927	81.818	220	24	4	670	888	299	503	8.70e-44	171
FBtr0071135	FBtr0300652	81.818	220	24	4	670	888	307	511	8.70e-44	171
FBtr0071135	FBtr0300652	100.000	60	0	0	30	89	1	60	5.35e-26	111
FBtr0071135	FBtr0300652	97.368	38	1	0	923	960	512	549	4.22e-12	65.8
FBtr0071135	FBtr0300634	81.818	220	24	4	670	888	299	503	8.70e-44	171
FBtr0071135	FBtr0300634	97.368	38	1	0	923	960	504	541	4.22e-12	65.8
FBtr0071136	FBtr0299927	81.818	220	24	4	905	1123	299	503	1.09e-43	171
FBtr0071136	FBtr0300652	81.818	220	24	4	905	1123	307	511	1.09e-43	171
FBtr0071136	FBtr0300652	100.000	61	0	0	30	90	1	61	1.86e-26	113
FBtr0071136	FBtr0300652	97.368	38	1	0	1158	1195	512	549	5.27e-12	65.8
FBtr0071136	FBtr0300634	81.818	220	24	4	905	1123	299	503	1.09e-43	171
FBtr0071136	FBtr0300634	97.368	38	1	0	1158	1195	504	541	5.27e-12	65.8
FBtr0301487	FBtr0307110	83.105	438	58	11	5585	6019	234	658	3.14e-107	385
FBtr0089582	FBtr0307110	83.105	438	58	11	5837	6271	234	658	3.22e-107	385
FBtr0089583	FBtr0307110	83.105	438	58	11	5396	5830	234	658	3.09e-107	385
FBtr0089581	FBtr0307110	83.105	438	58	11	5876	6310	234	658	3.23e-107	385
FBtr0335024	FBtr0307110	83.105	438	58	11	5102	5536	234	658	3.00e-107	385
FBtr0335025	FBtr0307110	83.105	438	58	11	5405	5839	234	658	3.09e-107	385
FBtr0347068	FBtr0333937	82.412	398	27	12	840	1236	1286	1641	9.08e-85	307
FBtr0304643	FBtr0304882	85.776	232	9	1	81	312	187	394	7.34e-60	224
FBtr0304643	FBtr0304882	100.000	32	0	0	36	67	161	192	2.19e-10	60.2
FBtr0304644	FBtr0304882	85.776	232	9	1	81	312	187	394	3.23e-60	224
FBtr0304644	FBtr0304882	100.000	32	0	0	36	67	161	192	9.64e-11	60.2
FBtr0306921	FBtr0347030	100.000	655	0	0	1977	2631	1914	1260	0.0	1210
FBtr0306922	FBtr0347030	100.000	655	0	0	2040	2694	1914	1260	0.0	1210
FBtr0307214	FBtr0081448	86.762	559	59	8	374	928	4	551	2.58e-175	608
FBtr0307214	FBtr0089857	89.964	279	28	0	97	375	1	279	7.99e-101	361
FBtr0307214	FBtr0089857	95.122	41	2	0	374	414	340	380	7.01e-12	65.8
FBtr0307214	FBtr0089856	85.069	288	22	5	88	375	1	267	1.07e-74	274
FBtr0290254	FBtr0081448	86.762	559	59	8	374	928	4	551	2.33e-175	608
FBtr0290254	FBtr0089857	89.964	279	28	0	97	375	1	279	7.22e-101	361
FBtr0290254	FBtr0089857	95.122	41	2	0	374	414	340	380	6.34e-12	65.8
FBtr0290254	FBtr0089856	85.069	288	22	5	88	375	1	267	9.67e-75	274
FBtr0339538	FBtr0081448	86.762	559	59	8	374	928	4	551	2.82e-175	608
FBtr0339538	FBtr0089857	89.964	279	28	0	97	375	1	279	8.73e-101	361
FBtr0339538	FBtr0089857	95.122	41	2	0	374	414	340	380	7.66e-12	65.8
FBtr0339538	FBtr0089856	85.069	288	22	5	88	375	1	267	1.17e-74	274
FBtr0071853	FBtr0081448	83.629	507	69	10	356	861	4	497	4.01e-132	464
FBtr0071853	FBtr0089857	88.462	234	26	1	124	357	47	279	4.33e-77	281
FBtr0071861	FBtr0081448	82.918	562	78	13	377	934	4	551	7.58e-140	490
FBtr0071861	FBtr0081448	88.235	68	7	1	1131	1198	592	658	1.95e-16	80.5
FBtr0071861	FBtr0089857	89.744	234	23	1	145	378	47	279	4.93e-82	298
FBtr0071861	FBtr0089856	84.716	229	14	6	150	378	60	267	2.38e-55	209
FBtr0345496	FBtr0081448	82.918	562	78	13	377	934	4	551	1.56e-139	490
FBtr0345496	FBtr0081448	81.295	139	14	7	1131	1258	592	729	8.55e-23	102
FBtr0345496	FBtr0089857	89.744	234	23	1	145	378	47	279	1.02e-81	298
FBtr0345496	FBtr0089856	84.716	229	14	6	150	378	60	267	4.90e-55	209
FBtr0305675	FBtr0445665	100.000	139	0	0	1	139	680	818	8.54e-70	257
FBtr0305675	FBtr0445664	100.000	139	0	0	1	139	761	899	8.54e-70	257
FBtr0301852	FBtr0445665	100.000	139	0	0	1	139	680	818	6.84e-70	257
FBtr0301852	FBtr0445664	100.000	139	0	0	1	139	761	899	6.84e-70	257
FBtr0072628	FBtr0347605	92.623	244	14	4	24	265	1	242	1.87e-97	348
FBtr0336738	FBtr0347605	92.623	244	14	4	24	265	1	242	2.36e-97	348
FBtr0072630	FBtr0347605	90.984	244	18	4	126	367	1	242	1.05e-90	326
FBtr0072631	FBtr0347605	82.449	245	36	6	26	268	1	240	3.33e-55	207
FBtr0072634	FBtr0347605	95.062	243	10	2	20	261	1	242	1.82e-107	381
FBtr0346026	FBtr0346036	91.385	592	43	4	50	637	1	588	0.0	804
FBtr0334134	FBtr0339505	100.000	58	0	0	1	58	1652	1709	9.20e-25	108
FBtr0334274	FBtr0344334	100.000	426	0	0	1182	1607	2	427	0.0	787
FBtr0335187	FBtr0300629	99.916	1194	1	0	242	1435	1	1194	0.0	2200
FBtr0474231	FBtr0300629	99.916	1194	1	0	242	1435	1	1194	0.0	2200
FBtr0340350	FBtr0114258	91.818	220	18	0	4093	4312	1	220	6.04e-84	307
FBtr0340351	FBtr0114258	91.818	220	18	0	4317	4536	1	220	6.19e-84	307
FBtr0340352	FBtr0114258	91.818	220	18	0	3655	3874	1	220	5.74e-84	307
FBtr0340353	FBtr0114258	91.818	220	18	0	3879	4098	1	220	5.90e-84	307
FBtr0340354	FBtr0114258	91.818	220	18	0	3655	3874	1	220	5.75e-84	307
FBtr0340355	FBtr0114258	91.818	220	18	0	2505	2724	1	220	4.97e-84	307
FBtr0082883	FBtr0475140	98.795	83	1	0	1624	1706	48	130	1.04e-36	148
FBtr0082883	FBtr0475140	97.959	49	1	0	1544	1592	1	49	8.28e-18	86.1
FBtr0344766	FBtr0475140	98.795	83	1	0	1624	1706	48	130	1.21e-36	148
FBtr0344766	FBtr0475140	97.959	49	1	0	1544	1592	1	49	9.63e-18	86.1
FBtr0344767	FBtr0475140	98.795	83	1	0	1624	1706	48	130	1.51e-36	148
FBtr0344767	FBtr0475140	97.959	49	1	0	1544	1592	1	49	1.20e-17	86.1
FBtr0346037	FBtr0346036	97.963	589	11	1	19	607	1	588	0.0	1020
FBtr0346035	FBtr0346036	90.541	592	44	3	59	642	1	588	0.0	773
FBtr0346034	FBtr0346036	90.541	592	44	3	59	642	1	588	0.0	773
FBtr0346033	FBtr0346036	91.385	592	43	4	50	637	1	588	0.0	804
FBtr0346032	FBtr0346036	90.042	472	37	5	59	530	1	462	4.54e-174	603
FBtr0346032	FBtr0346036	93.151	73	1	2	537	605	516	588	5.61e-24	104
FBtr0346031	FBtr0346036	89.619	472	39	5	50	521	1	462	9.68e-171	592
FBtr0346031	FBtr0346036	93.151	73	1	2	528	596	516	588	5.53e-24	104
FBtr0346030	FBtr0346036	89.831	472	38	5	59	530	1	462	2.11e-172	597
FBtr0346030	FBtr0346036	93.151	73	1	2	537	605	516	588	5.61e-24	104
FBtr0346029	FBtr0346036	90.372	592	45	3	50	633	1	588	0.0	767
FBtr0346028	FBtr0346036	91.385	592	43	4	50	637	1	588	0.0	804
FBtr0346027	FBtr0346036	91.385	592	43	4	50	637	1	588	0.0	804
FBtr0346740	FBtr0308947	95.778	900	34	4	41	940	6	901	0.0	1448
FBtr0346740	FBtr0346744	98.357	791	2	1	1	791	1	780	0.0	1378
FBtr0346740	FBtr0346742	96.721	793	23	2	1	791	1	792	0.0	1317
FBtr0346740	FBtr0346745	97.879	660	3	1	132	791	1	649	0.0	1131
FBtr0346740	FBtr0346747	97.273	660	14	2	132	791	1	656	0.0	1116
FBtr0346740	FBtr0346749	96.818	660	20	1	132	791	1	659	0.0	1101
FBtr0346740	FBtr0346753	96.515	660	22	1	132	791	1	659	0.0	1090
FBtr0346740	FBtr0346754	96.061	660	25	1	132	791	1	659	0.0	1074
FBtr0346740	FBtr0346755	93.733	718	24	9	74	791	1	697	0.0	1057
FBtr0346740	FBtr0346750	95.455	660	10	8	132	791	1	640	0.0	1035
FBtr0346740	FBtr0346756	99.517	414	2	0	529	942	322	735	0.0	754
FBtr0346740	FBtr0346756	95.517	290	10	1	74	363	1	287	4.52e-131	460
FBtr0346741	FBtr0308947	95.797	809	32	2	1	809	95	901	0.0	1304
FBtr0346741	FBtr0346744	97.879	660	3	1	1	660	132	780	0.0	1131
FBtr0346741	FBtr0346745	97.727	660	4	1	1	660	1	649	0.0	1125
FBtr0346741	FBtr0346747	96.970	660	16	2	1	660	1	656	0.0	1105
FBtr0346741	FBtr0346749	96.515	660	22	1	1	660	1	659	0.0	1090
FBtr0346741	FBtr0346753	96.212	660	24	1	1	660	1	659	0.0	1079
FBtr0346741	FBtr0346742	96.212	660	24	1	1	660	134	792	0.0	1079
FBtr0346741	FBtr0346754	95.758	660	27	1	1	660	1	659	0.0	1062
FBtr0346741	FBtr0346750	95.152	660	12	9	1	660	1	640	0.0	1024
FBtr0346741	FBtr0346755	93.182	660	24	10	1	660	59	697	0.0	950
FBtr0346741	FBtr0346756	99.275	414	3	0	398	811	322	735	0.0	749
FBtr0346741	FBtr0346756	95.259	232	8	1	1	232	59	287	3.13e-102	364
FBtr0346743	FBtr0308947	96.044	809	30	2	1	809	95	901	0.0	1315
FBtr0346743	FBtr0346744	97.879	660	3	1	1	660	132	780	0.0	1131
FBtr0346743	FBtr0346745	97.727	660	4	1	1	660	1	649	0.0	1125
FBtr0346743	FBtr0346747	97.121	660	15	2	1	660	1	656	0.0	1110
FBtr0346743	FBtr0346749	96.667	660	21	1	1	660	1	659	0.0	1096
FBtr0346743	FBtr0346753	96.364	660	23	1	1	660	1	659	0.0	1085
FBtr0346743	FBtr0346742	96.364	660	23	1	1	660	134	792	0.0	1085
FBtr0346743	FBtr0346754	95.909	660	26	1	1	660	1	659	0.0	1068
FBtr0346743	FBtr0346750	95.606	660	9	8	1	660	1	640	0.0	1040
FBtr0346743	FBtr0346755	93.333	660	23	9	1	660	59	697	0.0	955
FBtr0346743	FBtr0346756	99.758	414	1	0	398	811	322	735	0.0	760
FBtr0346743	FBtr0346756	95.259	232	8	1	1	232	59	287	3.13e-102	364
FBtr0346751	FBtr0346744	97.879	660	3	1	1	660	132	780	0.0	1131
FBtr0346751	FBtr0346745	97.727	660	4	1	1	660	1	649	0.0	1125
FBtr0346751	FBtr0346747	96.970	660	16	2	1	660	1	656	0.0	1105
FBtr0346751	FBtr0346749	96.515	660	22	1	1	660	1	659	0.0	1090
FBtr0346751	FBtr0346753	96.212	660	24	1	1	660	1	659	0.0	1079
FBtr0346751	FBtr0346742	96.212	660	24	1	1	660	134	792	0.0	1079
FBtr0346751	FBtr0346754	95.758	660	27	1	1	660	1	659	0.0	1062
FBtr0346751	FBtr0308947	95.758	660	27	1	1	660	95	753	0.0	1062
FBtr0346751	FBtr0346750	95.152	660	12	9	1	660	1	640	0.0	1024
FBtr0346751	FBtr0346755	93.182	660	24	10	1	660	59	697	0.0	950
FBtr0346751	FBtr0346756	99.620	263	1	0	398	660	322	584	2.41e-137	481
FBtr0346751	FBtr0346756	95.259	232	8	1	1	232	59	287	2.53e-102	364
FBtr0347028	FBtr0347033	100.000	1076	0	0	616	1691	1	1076	0.0	1988
FBtr0347028	FBtr0347039	100.000	864	0	0	2347	3210	1	864	0.0	1596
FBtr0347028	FBtr0347032	100.000	610	0	0	1	610	1	610	0.0	1127
FBtr0347028	FBtr0347038	92.714	549	17	4	1	549	1	526	0.0	771
FBtr0347028	FBtr0347037	92.168	549	20	4	1	549	1	526	0.0	754
FBtr0346739	FBtr0308947	96.309	867	27	3	1	864	37	901	0.0	1419
FBtr0346739	FBtr0346747	98.782	657	7	1	59	715	1	656	0.0	1168
FBtr0346739	FBtr0346744	96.240	718	13	2	1	715	74	780	0.0	1164
FBtr0346739	FBtr0346742	95.125	718	31	2	1	715	76	792	0.0	1129
FBtr0346739	FBtr0346753	96.515	660	19	2	59	715	1	659	0.0	1088
FBtr0346739	FBtr0346745	96.364	660	10	2	59	715	1	649	0.0	1074
FBtr0346739	FBtr0346754	96.061	660	22	2	59	715	1	659	0.0	1072
FBtr0346739	FBtr0346755	94.011	718	19	10	1	715	1	697	0.0	1066
FBtr0346739	FBtr0346749	95.303	660	27	2	59	715	1	659	0.0	1044
FBtr0346739	FBtr0346750	93.939	660	17	9	59	715	1	640	0.0	976
FBtr0346739	FBtr0346756	99.758	414	1	0	453	866	322	735	0.0	760
FBtr0346739	FBtr0346756	100.000	287	0	0	1	287	1	287	3.12e-152	531
FBtr0346752	FBtr0346744	98.333	660	0	1	1	660	132	780	0.0	1147
FBtr0346752	FBtr0346745	98.182	660	1	1	1	660	1	649	0.0	1142
FBtr0346752	FBtr0308947	95.584	702	30	1	1	702	95	795	0.0	1123
FBtr0346752	FBtr0346747	96.970	660	16	2	1	660	1	656	0.0	1105
FBtr0346752	FBtr0346749	96.515	660	22	1	1	660	1	659	0.0	1090
FBtr0346752	FBtr0346753	96.212	660	24	1	1	660	1	659	0.0	1079
FBtr0346752	FBtr0346742	96.212	660	24	1	1	660	134	792	0.0	1079
FBtr0346752	FBtr0346754	95.758	660	27	1	1	660	1	659	0.0	1062
FBtr0346752	FBtr0346750	95.152	660	12	8	1	660	1	640	0.0	1024
FBtr0346752	FBtr0346755	93.182	660	24	9	1	660	59	697	0.0	950
FBtr0346752	FBtr0346756	99.016	305	3	0	398	702	322	626	2.50e-157	547
FBtr0346752	FBtr0346756	95.259	232	8	1	1	232	59	287	2.70e-102	364
FBtr0346746	FBtr0346744	97.576	660	5	1	1	660	132	780	0.0	1120
FBtr0346746	FBtr0346745	97.424	660	6	1	1	660	1	649	0.0	1114
FBtr0346746	FBtr0346747	96.818	660	17	2	1	660	1	656	0.0	1099
FBtr0346746	FBtr0346749	96.364	660	23	1	1	660	1	659	0.0	1085
FBtr0346746	FBtr0346753	96.061	660	25	1	1	660	1	659	0.0	1074
FBtr0346746	FBtr0346742	96.061	660	25	1	1	660	134	792	0.0	1074
FBtr0346746	FBtr0346754	95.606	660	28	1	1	660	1	659	0.0	1057
FBtr0346746	FBtr0308947	95.606	660	28	1	1	660	95	753	0.0	1057
FBtr0346746	FBtr0346750	95.000	660	13	8	1	660	1	640	0.0	1018
FBtr0346746	FBtr0346755	93.030	660	25	9	1	660	59	697	0.0	944
FBtr0346746	FBtr0346756	99.240	263	2	0	398	660	322	584	1.12e-135	475
FBtr0346746	FBtr0346756	95.259	232	8	1	1	232	59	287	2.53e-102	364
FBtr0346748	FBtr0346747	97.727	660	11	2	1	660	1	656	0.0	1133
FBtr0346748	FBtr0346753	97.576	660	15	1	1	660	1	659	0.0	1129
FBtr0346748	FBtr0346754	97.121	660	18	1	1	660	1	659	0.0	1112
FBtr0346748	FBtr0308947	97.121	660	18	1	1	660	95	753	0.0	1112
FBtr0346748	FBtr0346745	96.818	660	10	1	1	660	1	649	0.0	1092
FBtr0346748	FBtr0346744	96.667	660	11	1	1	660	132	780	0.0	1086
FBtr0346748	FBtr0346749	96.364	660	23	1	1	660	1	659	0.0	1085
FBtr0346748	FBtr0346742	96.061	660	25	1	1	660	134	792	0.0	1074
FBtr0346748	FBtr0346750	94.394	660	17	8	1	660	1	640	0.0	996
FBtr0346748	FBtr0346755	93.939	660	19	9	1	660	59	697	0.0	977
FBtr0346748	FBtr0346756	100.000	263	0	0	398	660	322	584	5.18e-139	486
FBtr0346748	FBtr0346756	97.845	232	2	1	1	232	59	287	2.50e-112	398
FBtr0347413	FBtr0347035	99.907	1072	0	1	1	1071	1	1072	0.0	1973
FBtr0347413	FBtr0347034	99.856	696	0	1	1227	1921	45	740	0.0	1279
FBtr0347450	FBtr0347432	97.318	261	3	1	1	261	1	257	1.86e-125	440
FBtr0347450	FBtr0347454	94.737	266	9	1	1	261	1	266	5.25e-116	409
FBtr0347450	FBtr0347456	94.737	266	9	1	1	261	1	266	5.25e-116	409
FBtr0347450	FBtr0347435	94.737	266	9	1	1	261	1	266	5.25e-116	409
FBtr0347450	FBtr0347437	94.361	266	10	1	1	261	1	266	2.44e-114	403
FBtr0347429	FBtr0347432	96.935	261	4	1	94	354	1	257	1.14e-123	435
FBtr0347429	FBtr0347454	95.865	266	6	1	94	354	1	266	6.87e-121	425
FBtr0347429	FBtr0347456	95.865	266	6	1	94	354	1	266	6.87e-121	425
FBtr0347429	FBtr0347435	95.865	266	6	1	94	354	1	266	6.87e-121	425
FBtr0347429	FBtr0347437	95.489	266	7	1	94	354	1	266	3.20e-119	420
FBtr0347428	FBtr0347454	96.992	266	3	1	1	261	1	266	5.17e-126	442
FBtr0347428	FBtr0347456	96.992	266	3	1	1	261	1	266	5.17e-126	442
FBtr0347428	FBtr0347435	96.992	266	3	1	1	261	1	266	5.17e-126	442
FBtr0347428	FBtr0347437	96.617	266	4	1	1	261	1	266	2.41e-124	436
FBtr0347428	FBtr0347432	95.019	261	9	1	1	261	1	257	1.89e-115	407
FBtr0074074	FBtr0303308	81.985	272	36	7	1531	1801	781	1040	7.58e-58	219
FBtr0074074	FBtr0303308	83.234	167	28	0	2096	2262	1247	1413	2.17e-38	154
FBtr0074074	FBtr0303308	89.286	84	9	0	1974	2057	1152	1235	6.15e-24	106
FBtr0113817	FBtr0347357	99.034	725	5	2	365	1089	1	723	0.0	1299
FBtr0113818	FBtr0347357	99.034	725	5	2	304	1028	1	723	0.0	1299
FBtr0333869	FBtr0347357	99.034	725	5	2	730	1454	1	723	0.0	1299
FBtr0111147	FBtr0114264	100.000	919	0	0	504	1422	1	919	0.0	1698
FBtr0111147	FBtr0303009	100.000	849	0	0	528	1376	1	849	0.0	1568
FBtr0111147	FBtr0303010	100.000	810	0	0	528	1337	1	810	0.0	1496
FBtr0111146	FBtr0114264	100.000	919	0	0	461	1379	1	919	0.0	1698
FBtr0111146	FBtr0303009	100.000	849	0	0	485	1333	1	849	0.0	1568
FBtr0111146	FBtr0303010	100.000	810	0	0	485	1294	1	810	0.0	1496
FBtr0073516	FBtr0306148	93.093	666	32	5	1629	2292	411	1064	0.0	963
FBtr0073516	FBtr0306144	92.943	666	33	5	1629	2292	411	1064	0.0	957
FBtr0073516	FBtr0306145	92.943	666	33	5	1629	2292	411	1064	0.0	957
FBtr0073516	FBtr0306146	92.943	666	33	5	1629	2292	411	1064	0.0	957
FBtr0073516	FBtr0306147	92.943	666	33	5	1629	2292	411	1064	0.0	957
FBtr0073516	FBtr0306149	92.943	666	33	5	1629	2292	411	1064	0.0	957
FBtr0073516	FBtr0306143	92.813	654	33	5	1629	2280	10	651	0.0	935
FBtr0340297	FBtr0306148	92.956	653	32	5	1629	2279	411	1051	0.0	939
FBtr0340297	FBtr0306143	92.802	653	33	5	1629	2279	10	650	0.0	933
FBtr0340297	FBtr0306144	92.802	653	33	5	1629	2279	411	1051	0.0	933
FBtr0340297	FBtr0306145	92.802	653	33	5	1629	2279	411	1051	0.0	933
FBtr0340297	FBtr0306146	92.802	653	33	5	1629	2279	411	1051	0.0	933
FBtr0340297	FBtr0306147	92.802	653	33	5	1629	2279	411	1051	0.0	933
FBtr0340297	FBtr0306149	92.802	653	33	5	1629	2279	411	1051	0.0	933
FBtr0073519	FBtr0306145	98.011	352	6	1	4	355	1	351	9.36e-176	610
FBtr0073519	FBtr0306146	98.011	352	6	1	4	355	1	351	9.36e-176	610
FBtr0073519	FBtr0306148	98.011	352	6	1	4	355	1	351	9.36e-176	610
FBtr0073519	FBtr0306144	97.727	352	7	1	4	355	1	351	4.35e-174	604
FBtr0073519	FBtr0306147	97.727	352	7	1	4	355	1	351	4.35e-174	604
FBtr0073519	FBtr0306149	97.727	352	7	1	4	355	1	351	4.35e-174	604
FBtr0073518	FBtr0306145	98.011	352	6	1	4	355	1	351	1.07e-175	610
FBtr0073518	FBtr0306146	98.011	352	6	1	4	355	1	351	1.07e-175	610
FBtr0073518	FBtr0306148	98.011	352	6	1	4	355	1	351	1.07e-175	610
FBtr0073518	FBtr0306144	97.727	352	7	1	4	355	1	351	4.97e-174	604
FBtr0073518	FBtr0306147	97.727	352	7	1	4	355	1	351	4.97e-174	604
FBtr0073518	FBtr0306149	97.727	352	7	1	4	355	1	351	4.97e-174	604
FBtr0073555	FBtr0307589	100.000	407	0	0	1	407	5	411	0.0	752
FBtr0073704	FBtr0347421	91.319	887	62	8	1326	2209	291	1165	0.0	1197
FBtr0073704	FBtr0347421	86.607	112	6	5	687	798	41	143	1.19e-26	115
FBtr0073704	FBtr0347447	91.978	723	54	2	1460	2179	306	1027	0.0	1011
FBtr0073704	FBtr0347447	93.798	129	8	0	951	1079	79	207	1.49e-50	195
FBtr0073704	FBtr0347447	93.814	97	6	0	1326	1422	209	305	4.22e-36	147
FBtr0073704	FBtr0347447	95.161	62	2	1	737	798	1	61	4.31e-21	97.1
FBtr0073704	FBtr0347452	90.052	774	60	6	1436	2209	4	760	0.0	987
FBtr0073704	FBtr0347434	90.052	774	60	6	1436	2209	10	766	0.0	987
FBtr0073704	FBtr0347448	90.052	774	58	9	1436	2209	4	758	0.0	985
FBtr0073704	FBtr0347430	88.722	798	55	12	1436	2230	1	766	0.0	942
FBtr0073704	FBtr0347465	91.654	659	46	4	1594	2252	3	652	0.0	904
FBtr0073704	FBtr0347441	89.071	732	57	5	689	1411	1	718	0.0	887
FBtr0073704	FBtr0347460	89.071	732	57	5	689	1411	1	718	0.0	887
FBtr0073704	FBtr0347451	90.000	610	47	4	811	1411	159	763	0.0	776
FBtr0073704	FBtr0347451	88.304	171	17	1	689	859	1	168	8.87e-53	202
FBtr0073704	FBtr0347433	90.000	610	47	4	811	1411	159	763	0.0	776
FBtr0073704	FBtr0347433	88.889	171	16	1	689	859	1	168	1.91e-54	207
FBtr0073704	FBtr0347419	89.106	615	54	4	811	1416	200	810	0.0	752
FBtr0073704	FBtr0347419	87.861	173	17	2	687	859	41	209	3.19e-52	200
FBtr0073704	FBtr0347449	88.993	536	46	5	1436	1971	4	526	0.0	651
FBtr0073704	FBtr0347431	88.993	536	46	5	1436	1971	1	523	0.0	651
FBtr0073704	FBtr0347445	92.105	456	31	3	1798	2252	3	454	0.0	638
FBtr0073704	FBtr0445180	90.323	465	36	1	811	1266	434	898	7.49e-173	601
FBtr0073704	FBtr0445180	90.747	281	21	4	36	314	1	278	2.30e-103	370
FBtr0073704	FBtr0445180	88.439	173	17	1	687	859	274	443	6.86e-54	206
FBtr0073704	FBtr0347440	90.570	456	37	4	1798	2252	3	453	2.69e-172	599
FBtr0073704	FBtr0347439	90.570	456	37	4	1798	2252	3	453	2.69e-172	599
FBtr0073704	FBtr0347436	88.798	491	38	5	934	1415	119	601	2.10e-168	586
FBtr0073704	FBtr0347436	89.189	111	11	1	689	798	1	111	2.54e-33	137
FBtr0073704	FBtr0347458	90.777	412	35	3	1799	2209	1	410	9.90e-157	547
FBtr0073704	FBtr0347459	90.777	412	35	3	1799	2209	1	410	9.90e-157	547
FBtr0073704	FBtr0347443	86.837	509	37	11	689	1171	1	505	4.60e-155	542
FBtr0073704	FBtr0347463	86.640	509	38	11	689	1171	1	505	2.14e-153	536
FBtr0073704	FBtr0347446	89.807	363	28	1	818	1171	1	363	1.72e-129	457
FBtr0073704	FBtr0347446	91.589	214	15	2	1203	1416	361	571	5.12e-80	292
FBtr0073704	FBtr0347455	89.189	370	28	2	811	1171	105	471	7.98e-128	451
FBtr0073704	FBtr0347455	92.056	214	14	2	1203	1416	469	679	1.10e-81	298
FBtr0073704	FBtr0347455	88.235	102	9	1	758	859	16	114	9.19e-28	119
FBtr0073704	FBtr0347457	89.189	370	28	2	811	1171	105	471	7.98e-128	451
FBtr0073704	FBtr0347457	92.056	214	14	2	1203	1416	469	679	1.10e-81	298
FBtr0073704	FBtr0347457	88.235	102	9	1	758	859	16	114	9.19e-28	119
FBtr0073704	FBtr0347438	89.189	370	28	2	811	1171	105	471	7.98e-128	451
FBtr0073704	FBtr0347438	92.488	213	13	2	1203	1415	469	678	8.51e-83	302
FBtr0073704	FBtr0347438	88.235	102	9	1	758	859	16	114	9.19e-28	119
FBtr0073704	FBtr0347422	91.071	336	27	3	1799	2133	90	423	7.98e-128	451
FBtr0073704	FBtr0347453	91.915	235	17	2	1799	2032	1	234	1.40e-90	327
FBtr0073704	FBtr0347453	100.000	34	0	0	2059	2092	244	277	4.37e-11	63.9
FBtr0073704	FBtr0347462	96.124	129	5	0	2081	2209	125	253	1.47e-55	211
FBtr0346120	FBtr0347421	91.319	887	62	8	1326	2209	291	1165	0.0	1197
FBtr0346120	FBtr0347421	86.607	112	6	5	687	798	41	143	1.29e-26	115
FBtr0346120	FBtr0347447	91.978	723	54	2	1460	2179	306	1027	0.0	1011
FBtr0346120	FBtr0347447	93.798	129	8	0	951	1079	79	207	1.61e-50	195
FBtr0346120	FBtr0347447	93.814	97	6	0	1326	1422	209	305	4.58e-36	147
FBtr0346120	FBtr0347447	95.161	62	2	1	737	798	1	61	4.68e-21	97.1
FBtr0346120	FBtr0347452	90.052	774	60	6	1436	2209	4	760	0.0	987
FBtr0346120	FBtr0347434	90.052	774	60	6	1436	2209	10	766	0.0	987
FBtr0346120	FBtr0347448	90.052	774	58	9	1436	2209	4	758	0.0	985
FBtr0346120	FBtr0347430	88.722	798	55	12	1436	2230	1	766	0.0	942
FBtr0346120	FBtr0347465	91.654	659	46	4	1594	2252	3	652	0.0	904
FBtr0346120	FBtr0347441	89.071	732	57	5	689	1411	1	718	0.0	887
FBtr0346120	FBtr0347460	89.071	732	57	5	689	1411	1	718	0.0	887
FBtr0346120	FBtr0347451	90.000	610	47	4	811	1411	159	763	0.0	776
FBtr0346120	FBtr0347451	88.304	171	17	1	689	859	1	168	9.65e-53	202
FBtr0346120	FBtr0347433	90.000	610	47	4	811	1411	159	763	0.0	776
FBtr0346120	FBtr0347433	88.889	171	16	1	689	859	1	168	2.07e-54	207
FBtr0346120	FBtr0347419	89.106	615	54	4	811	1416	200	810	0.0	752
FBtr0346120	FBtr0347419	87.861	173	17	2	687	859	41	209	3.47e-52	200
FBtr0346120	FBtr0347449	88.993	536	46	5	1436	1971	4	526	0.0	651
FBtr0346120	FBtr0347431	88.993	536	46	5	1436	1971	1	523	0.0	651
FBtr0346120	FBtr0347445	92.105	456	31	3	1798	2252	3	454	0.0	638
FBtr0346120	FBtr0445180	90.323	465	36	1	811	1266	434	898	8.14e-173	601
FBtr0346120	FBtr0445180	90.747	281	21	4	36	314	1	278	2.50e-103	370
FBtr0346120	FBtr0445180	88.439	173	17	1	687	859	274	443	7.46e-54	206
FBtr0346120	FBtr0347440	90.570	456	37	4	1798	2252	3	453	2.93e-172	599
FBtr0346120	FBtr0347439	90.570	456	37	4	1798	2252	3	453	2.93e-172	599
FBtr0346120	FBtr0347436	88.798	491	38	5	934	1415	119	601	2.28e-168	586
FBtr0346120	FBtr0347436	89.189	111	11	1	689	798	1	111	2.76e-33	137
FBtr0346120	FBtr0347458	90.777	412	35	3	1799	2209	1	410	1.08e-156	547
FBtr0346120	FBtr0347459	90.777	412	35	3	1799	2209	1	410	1.08e-156	547
FBtr0346120	FBtr0347443	86.837	509	37	11	689	1171	1	505	5.00e-155	542
FBtr0346120	FBtr0347463	86.640	509	38	11	689	1171	1	505	2.33e-153	536
FBtr0346120	FBtr0347446	89.807	363	28	1	818	1171	1	363	1.86e-129	457
FBtr0346120	FBtr0347446	91.589	214	15	2	1203	1416	361	571	5.56e-80	292
FBtr0346120	FBtr0347455	89.189	370	28	2	811	1171	105	471	8.68e-128	451
FBtr0346120	FBtr0347455	92.056	214	14	2	1203	1416	469	679	1.20e-81	298
FBtr0346120	FBtr0347455	88.235	102	9	1	758	859	16	114	9.99e-28	119
FBtr0346120	FBtr0347457	89.189	370	28	2	811	1171	105	471	8.68e-128	451
FBtr0346120	FBtr0347457	92.056	214	14	2	1203	1416	469	679	1.20e-81	298
FBtr0346120	FBtr0347457	88.235	102	9	1	758	859	16	114	9.99e-28	119
FBtr0346120	FBtr0347438	89.189	370	28	2	811	1171	105	471	8.68e-128	451
FBtr0346120	FBtr0347438	92.488	213	13	2	1203	1415	469	678	9.25e-83	302
FBtr0346120	FBtr0347438	88.235	102	9	1	758	859	16	114	9.99e-28	119
FBtr0346120	FBtr0347422	91.071	336	27	3	1799	2133	90	423	8.68e-128	451
FBtr0346120	FBtr0347453	91.915	235	17	2	1799	2032	1	234	1.53e-90	327
FBtr0346120	FBtr0347453	100.000	34	0	0	2059	2092	244	277	4.75e-11	63.9
FBtr0346120	FBtr0347462	96.124	129	5	0	2081	2209	125	253	1.60e-55	211
FBtr0073705	FBtr0347466	91.276	619	20	10	8	621	1	590	0.0	813
FBtr0073705	FBtr0347444	97.044	203	6	0	272	474	4	206	3.34e-95	342
FBtr0073705	FBtr0347444	94.615	130	3	1	475	604	277	402	7.65e-52	198
FBtr0073705	FBtr0347464	97.044	203	6	0	272	474	4	206	3.34e-95	342
FBtr0073705	FBtr0347464	94.558	147	4	1	475	621	277	419	1.26e-59	224
FBtr0073705	FBtr0347442	93.007	143	10	0	272	414	22	164	3.54e-55	209
FBtr0073705	FBtr0347461	92.908	141	10	0	272	412	22	162	4.57e-54	206
FBtr0333799	FBtr0347466	90.953	619	19	10	8	618	1	590	0.0	798
FBtr0333799	FBtr0347444	97.030	202	6	0	270	471	5	206	1.68e-94	340
FBtr0333799	FBtr0347444	94.615	130	3	1	472	601	277	402	1.07e-51	198
FBtr0333799	FBtr0347464	97.030	202	6	0	270	471	5	206	1.68e-94	340
FBtr0333799	FBtr0347464	94.558	147	4	1	472	618	277	419	1.77e-59	224
FBtr0333799	FBtr0347442	92.958	142	10	0	270	411	23	164	1.78e-54	207
FBtr0333799	FBtr0347461	92.857	140	10	0	270	409	23	162	2.30e-53	204
FBtr0073792	FBtr0345971	93.704	270	16	1	468	737	6	274	6.01e-114	403
FBtr0073793	FBtr0345971	93.704	270	16	1	409	678	6	274	5.52e-114	403
FBtr0073794	FBtr0345971	93.704	270	16	1	472	741	6	274	7.19e-114	403
FBtr0073795	FBtr0345971	93.704	270	16	1	472	741	6	274	6.05e-114	403
FBtr0300828	FBtr0345971	93.704	270	16	1	405	674	6	274	5.49e-114	403
FBtr0073914	FBtr0304150	92.982	57	3	1	2	57	60	116	4.23e-17	82.4
FBtr0073918	FBtr0304150	92.982	57	3	1	2	57	60	116	4.23e-17	82.4
FBtr0074096	FBtr0340112	96.522	115	4	0	1435	1549	103	217	1.78e-49	191
FBtr0074096	FBtr0340112	98.039	51	0	1	2479	2529	346	395	2.41e-18	87.9
FBtr0074096	FBtr0340112	100.000	28	0	0	1706	1733	214	241	8.78e-08	52.8
FBtr0074096	FBtr0340113	96.522	115	4	0	1435	1549	103	217	1.78e-49	191
FBtr0074096	FBtr0340113	98.182	55	1	0	1706	1760	214	268	4.00e-21	97.1
FBtr0074096	FBtr0340113	98.039	51	0	1	2479	2529	273	322	2.41e-18	87.9
FBtr0074095	FBtr0340112	96.522	115	4	0	1280	1394	103	217	1.67e-49	191
FBtr0074095	FBtr0340112	98.039	51	0	1	2324	2374	346	395	2.26e-18	87.9
FBtr0074095	FBtr0340112	100.000	28	0	0	1551	1578	214	241	8.24e-08	52.8
FBtr0074095	FBtr0340113	96.522	115	4	0	1280	1394	103	217	1.67e-49	191
FBtr0074095	FBtr0340113	98.182	55	1	0	1551	1605	214	268	3.75e-21	97.1
FBtr0074095	FBtr0340113	98.039	51	0	1	2324	2374	273	322	2.26e-18	87.9
FBtr0074097	FBtr0340112	95.699	93	3	1	1	93	4	95	4.99e-37	148
FBtr0074097	FBtr0340113	95.699	93	3	1	1	93	4	95	4.99e-37	148
FBtr0340114	FBtr0340112	95.833	96	3	1	168	263	1	95	1.23e-38	154
FBtr0340114	FBtr0340113	95.833	96	3	1	168	263	1	95	1.23e-38	154
FBtr0074495	FBtr0074499	100.000	778	0	0	312	1089	1	778	0.0	1437
FBtr0074631	FBtr0334467	98.469	196	3	0	604	799	1	196	1.40e-96	346
FBtr0074631	FBtr0334467	100.000	100	0	0	891	990	216	315	3.22e-48	185
FBtr0074632	FBtr0334467	98.469	196	3	0	415	610	1	196	1.13e-96	346
FBtr0074632	FBtr0334467	100.000	100	0	0	702	801	216	315	2.60e-48	185
FBtr0334453	FBtr0334467	98.469	196	3	0	560	755	1	196	1.33e-96	346
FBtr0334453	FBtr0334467	100.000	100	0	0	847	946	216	315	3.08e-48	185
FBtr0074660	FBtr0334467	100.000	69	0	0	1826	1894	333	265	1.06e-30	128
FBtr0074661	FBtr0334467	100.000	77	0	0	1979	2055	315	239	4.10e-35	143
FBtr0074693	FBtr0475186	84.260	845	102	18	4114	4955	1064	1880	0.0	795
FBtr0075361	FBtr0301925	99.153	590	1	1	565	1154	1512	2097	0.0	1059
FBtr0075363	FBtr0301925	97.877	989	20	1	1	988	44	1032	0.0	1709
FBtr0075363	FBtr0301925	99.180	488	4	0	1015	1502	1028	1515	0.0	880
FBtr0075899	FBtr0479869	100.000	52	0	0	2164	2215	1049	998	3.49e-21	97.1
FBtr0076454	FBtr0309505	100.000	352	0	0	869	1220	1	352	0.0	651
FBtr0346541	FBtr0309505	100.000	352	0	0	869	1220	1	352	0.0	651
FBtr0346541	FBtr0309507	100.000	49	0	0	1584	1632	467	419	1.19e-19	91.6
FBtr0309506	FBtr0309507	100.000	467	0	0	2987	3453	1	467	0.0	863
FBtr0076838	FBtr0114236	97.065	477	12	1	376	852	1	475	0.0	802
FBtr0076950	FBtr0347421	79.859	283	55	2	5344	5625	812	1093	1.59e-53	206
FBtr0076950	FBtr0347447	79.433	282	58	0	5344	5625	704	985	7.40e-52	200
FBtr0076950	FBtr0347465	79.688	256	51	1	5390	5644	304	559	7.45e-47	183
FBtr0076950	FBtr0347448	77.409	301	62	3	5344	5644	411	705	4.48e-44	174
FBtr0076950	FBtr0347422	77.857	280	57	5	5344	5621	147	423	2.09e-42	169
FBtr0076950	FBtr0347452	76.744	301	66	2	5344	5644	411	707	2.70e-41	165
FBtr0076950	FBtr0347434	76.744	301	66	2	5344	5644	417	713	2.70e-41	165
FBtr0076950	FBtr0347440	76.568	303	66	5	5344	5644	61	360	3.49e-40	161
FBtr0076950	FBtr0347439	76.568	303	66	5	5344	5644	61	360	3.49e-40	161
FBtr0076950	FBtr0347458	76.568	303	66	5	5344	5644	58	357	3.49e-40	161
FBtr0076950	FBtr0347459	76.568	303	66	5	5344	5644	58	357	3.49e-40	161
FBtr0076950	FBtr0347453	82.249	169	26	4	5344	5510	58	224	1.26e-34	143
FBtr0076951	FBtr0347421	79.859	283	55	2	1717	1998	812	1093	6.75e-54	206
FBtr0076951	FBtr0347447	79.433	282	58	0	1717	1998	704	985	3.14e-52	200
FBtr0076951	FBtr0347465	79.688	256	51	1	1763	2017	304	559	3.16e-47	183
FBtr0076951	FBtr0347448	77.409	301	62	3	1717	2017	411	705	1.90e-44	174
FBtr0076951	FBtr0347422	77.857	280	57	5	1717	1994	147	423	8.86e-43	169
FBtr0076951	FBtr0347452	76.744	301	66	2	1717	2017	411	707	1.15e-41	165
FBtr0076951	FBtr0347434	76.744	301	66	2	1717	2017	417	713	1.15e-41	165
FBtr0076951	FBtr0347440	76.568	303	66	5	1717	2017	61	360	1.48e-40	161
FBtr0076951	FBtr0347439	76.568	303	66	5	1717	2017	61	360	1.48e-40	161
FBtr0076951	FBtr0347458	76.568	303	66	5	1717	2017	58	357	1.48e-40	161
FBtr0076951	FBtr0347459	76.568	303	66	5	1717	2017	58	357	1.48e-40	161
FBtr0076951	FBtr0347453	82.249	169	26	4	1717	1883	58	224	5.37e-35	143
FBtr0076952	FBtr0347421	79.859	283	55	2	5359	5640	812	1093	1.59e-53	206
FBtr0076952	FBtr0347447	79.433	282	58	0	5359	5640	704	985	7.42e-52	200
FBtr0076952	FBtr0347465	79.688	256	51	1	5405	5659	304	559	7.47e-47	183
FBtr0076952	FBtr0347448	77.409	301	62	3	5359	5659	411	705	4.49e-44	174
FBtr0076952	FBtr0347422	77.857	280	57	5	5359	5636	147	423	2.09e-42	169
FBtr0076952	FBtr0347452	76.744	301	66	2	5359	5659	411	707	2.71e-41	165
FBtr0076952	FBtr0347434	76.744	301	66	2	5359	5659	417	713	2.71e-41	165
FBtr0076952	FBtr0347440	76.568	303	66	5	5359	5659	61	360	3.50e-40	161
FBtr0076952	FBtr0347439	76.568	303	66	5	5359	5659	61	360	3.50e-40	161
FBtr0076952	FBtr0347458	76.568	303	66	5	5359	5659	58	357	3.50e-40	161
FBtr0076952	FBtr0347459	76.568	303	66	5	5359	5659	58	357	3.50e-40	161
FBtr0076952	FBtr0347453	82.249	169	26	4	5359	5525	58	224	1.27e-34	143
FBtr0345025	FBtr0347421	79.859	283	55	2	1516	1797	812	1093	6.25e-54	206
FBtr0345025	FBtr0347447	79.433	282	58	0	1516	1797	704	985	2.91e-52	200
FBtr0345025	FBtr0347465	79.688	256	51	1	1562	1816	304	559	2.93e-47	183
FBtr0345025	FBtr0347448	77.409	301	62	3	1516	1816	411	705	1.76e-44	174
FBtr0345025	FBtr0347422	77.857	280	57	5	1516	1793	147	423	8.21e-43	169
FBtr0345025	FBtr0347452	76.744	301	66	2	1516	1816	411	707	1.06e-41	165
FBtr0345025	FBtr0347434	76.744	301	66	2	1516	1816	417	713	1.06e-41	165
FBtr0345025	FBtr0347440	76.568	303	66	5	1516	1816	61	360	1.37e-40	161
FBtr0345025	FBtr0347439	76.568	303	66	5	1516	1816	61	360	1.37e-40	161
FBtr0345025	FBtr0347458	76.568	303	66	5	1516	1816	58	357	1.37e-40	161
FBtr0345025	FBtr0347459	76.568	303	66	5	1516	1816	58	357	1.37e-40	161
FBtr0345025	FBtr0347453	82.249	169	26	4	1516	1682	58	224	4.97e-35	143
FBtr0076995	FBtr0076993	96.498	257	9	0	58	314	1	257	8.60e-121	425
FBtr0077242	FBtr0085952	96.963	428	12	1	164	591	194	620	0.0	717
FBtr0077243	FBtr0085952	96.141	622	22	2	39	660	1	620	0.0	1014
FBtr0345919	FBtr0085952	96.963	428	12	1	524	951	194	620	0.0	717
FBtr0302241	FBtr0112509	87.435	191	24	0	39	229	1	191	5.18e-59	220
FBtr0077494	FBtr0445666	92.701	411	10	5	266	676	216	606	1.10e-165	575
FBtr0077494	FBtr0445666	95.434	219	7	1	2	220	3	218	9.41e-97	346
