TU3417	FBtr0352867	89.533	621	34	10	3545	4141	621	1234	0.0	758
TU3417	FBtr0352867	89.336	422	33	9	3082	3495	190	607	6.81e-148	520
TU3545	FBtr0352867	92.247	632	40	3	1362	1992	1244	621	0.0	887
TU3545	FBtr0352867	89.703	573	51	5	2047	2618	607	42	0.0	725
TU10800	FBtr0363375	83.333	180	25	5	13	191	200	375	3.67e-41	161
TU18169	FBtr0363375	88.688	221	15	6	1	218	175	388	1.80e-71	261
FBtr0301569	FBtr0357157	91.357	2048	67	23	896	2859	1101	3122	0.0	2700
FBtr0301569	FBtr0357157	91.159	690	20	13	13	701	326	975	0.0	898
FBtr0343166	FBtr0357157	91.357	2048	67	23	1107	3070	1101	3122	0.0	2700
FBtr0343166	FBtr0357157	90.789	912	21	22	1	912	127	975	0.0	1160
FBtr0070742	FBtr0361659	95.105	5455	131	38	8272	13661	8244	13627	0.0	8469
FBtr0070742	FBtr0361659	96.576	4585	127	1	3611	8165	2374	6958	0.0	7570
FBtr0070742	FBtr0361659	97.337	1014	25	2	2600	3613	789	1800	0.0	1722
FBtr0070742	FBtr0361659	98.198	111	2	0	8165	8275	7969	8079	1.45e-49	195
FBtr0344669	FBtr0361659	95.105	5455	131	38	11549	16938	8244	13627	0.0	8469
FBtr0344669	FBtr0361659	95.865	5030	144	14	6457	11442	1949	6958	0.0	8078
FBtr0344669	FBtr0361659	97.324	1121	28	2	5256	6376	789	1907	0.0	1903
FBtr0344669	FBtr0361659	94.002	817	14	9	444	1247	1	795	0.0	1205
FBtr0344669	FBtr0361659	98.198	111	2	0	11442	11552	7969	8079	1.74e-49	195
FBtr0070859	FBtr0353643	86.012	672	79	7	560	1231	563	1219	0.0	706
FBtr0070859	FBtr0353643	90.685	365	33	1	4	368	8	371	8.25e-138	484
FBtr0070859	FBtr0353643	83.262	466	58	14	1129	1593	1075	1521	1.42e-115	411
FBtr0343052	FBtr0353643	86.012	672	79	7	560	1231	563	1219	0.0	706
FBtr0343052	FBtr0353643	90.685	365	33	1	4	368	8	371	1.12e-137	484
FBtr0343052	FBtr0353643	83.262	466	58	14	1129	1593	1075	1521	1.94e-115	411
FBtr0070860	FBtr0353643	84.365	985	122	21	562	1540	563	1521	0.0	937
FBtr0070860	FBtr0353643	90.685	365	33	1	6	370	8	371	8.96e-138	484
FBtr0343295	FBtr0353643	84.365	985	122	21	562	1540	563	1521	0.0	937
FBtr0343295	FBtr0353643	90.685	365	33	1	6	370	8	371	1.14e-137	484
FBtr0078548	FBtr0364615	97.059	34	0	1	466	499	7303	7271	3.04e-09	56.5
FBtr0078649	FBtr0350363	95.831	1631	38	10	381	1981	1	1631	0.0	2608
FBtr0078649	FBtr0350363	96.451	789	19	7	2066	2849	1670	2454	0.0	1293
FBtr0078650	FBtr0350363	95.808	1622	38	10	298	1889	10	1631	0.0	2591
FBtr0078650	FBtr0350363	96.451	789	19	7	1974	2757	1670	2454	0.0	1293
FBtr0078651	FBtr0350363	95.831	1631	38	10	619	2219	1	1631	0.0	2608
FBtr0078651	FBtr0350363	96.451	789	19	7	2304	3087	1670	2454	0.0	1293
FBtr0078652	FBtr0350363	95.808	1622	38	10	536	2127	10	1631	0.0	2591
FBtr0078652	FBtr0350363	96.451	789	19	7	2212	2995	1670	2454	0.0	1293
FBtr0078653	FBtr0350363	95.802	1620	38	10	703	2292	12	1631	0.0	2588
FBtr0078653	FBtr0350363	96.451	789	19	7	2377	3160	1670	2454	0.0	1293
FBtr0078654	FBtr0350363	95.831	1631	38	10	365	1965	1	1631	0.0	2608
FBtr0078654	FBtr0350363	96.451	789	19	7	2050	2833	1670	2454	0.0	1293
FBtr0309319	FBtr0350363	95.286	1379	35	10	293	1641	10	1388	0.0	2159
FBtr0309319	FBtr0350363	96.451	789	19	7	3579	4362	1670	2454	0.0	1293
FBtr0309319	FBtr0350363	99.174	242	2	0	3253	3494	1390	1631	5.89e-123	436
FBtr0309320	FBtr0350363	95.286	1379	35	10	298	1646	10	1388	0.0	2159
FBtr0309320	FBtr0350363	96.465	792	19	7	2895	3681	1670	2457	0.0	1299
FBtr0309320	FBtr0350363	99.170	241	2	0	2570	2810	1391	1631	1.79e-122	435
FBtr0309321	FBtr0350363	95.286	1379	35	10	298	1646	10	1388	0.0	2159
FBtr0309321	FBtr0350363	96.451	789	19	7	3010	3793	1670	2454	0.0	1293
FBtr0309321	FBtr0350363	99.174	242	2	0	2684	2925	1390	1631	5.12e-123	436
FBtr0309322	FBtr0350363	95.286	1379	35	10	293	1641	10	1388	0.0	2159
FBtr0309322	FBtr0350363	96.451	789	19	7	2628	3411	1670	2454	0.0	1293
FBtr0309322	FBtr0350363	99.174	242	2	0	2302	2543	1390	1631	4.60e-123	436
FBtr0302597	FBtr0350363	95.802	1620	38	10	691	2280	12	1631	0.0	2588
FBtr0302597	FBtr0350363	96.465	792	19	7	2365	3151	1670	2457	0.0	1299
FBtr0301947	FBtr0350363	95.808	1622	38	10	301	1892	10	1631	0.0	2591
FBtr0301947	FBtr0350363	96.451	789	19	7	1977	2760	1670	2454	0.0	1293
FBtr0078684	FBtr0351690	96.359	1840	58	1	861	2691	846	2685	0.0	3018
FBtr0078684	FBtr0351690	95.789	380	16	0	359	738	356	735	1.56e-176	614
FBtr0078684	FBtr0351690	95.133	226	11	0	6	231	6	231	2.90e-99	357
FBtr0113409	FBtr0351690	96.734	1286	42	0	1288	2573	1400	2685	0.0	2143
FBtr0113409	FBtr0351690	95.872	436	16	2	861	1296	846	1279	0.0	704
FBtr0113409	FBtr0351690	95.789	380	16	0	359	738	356	735	1.49e-176	614
FBtr0113409	FBtr0351690	95.133	226	11	0	6	231	6	231	2.78e-99	357
FBtr0392903	FBtr0351690	96.734	1286	42	0	2072	3357	1400	2685	0.0	2143
FBtr0392903	FBtr0351690	97.127	557	16	0	861	1417	846	1402	0.0	941
FBtr0392903	FBtr0351690	95.789	380	16	0	359	738	356	735	1.95e-176	614
FBtr0392903	FBtr0351690	95.133	226	11	0	6	231	6	231	3.63e-99	357
FBtr0336770	FBtr0351690	96.848	1840	58	0	861	2700	846	2685	0.0	3077
FBtr0336770	FBtr0351690	95.789	380	16	0	359	738	356	735	1.57e-176	614
FBtr0336770	FBtr0351690	95.133	226	11	0	6	231	6	231	2.91e-99	357
FBtr0078705	FBtr0219507	99.412	170	1	0	553	722	1413	1244	2.17e-85	309
FBtr0335214	FBtr0219507	99.412	170	1	0	734	903	1413	1244	2.73e-85	309
FBtr0078844	FBtr0352672	95.305	1853	60	17	1	1834	41	1885	0.0	2915
FBtr0078844	FBtr0352672	94.436	665	9	3	2398	3035	1884	2547	0.0	998
FBtr0345141	FBtr0352672	95.506	1491	42	15	1	1474	403	1885	0.0	2359
FBtr0345141	FBtr0352672	93.810	727	9	4	2038	2737	1884	2601	0.0	1061
FBtr0308118	FBtr0352672	95.506	1491	42	15	1	1474	403	1885	0.0	2359
FBtr0308118	FBtr0352672	93.810	727	9	4	2038	2737	1884	2601	0.0	1061
FBtr0308119	FBtr0352672	95.305	1853	60	17	1	1834	41	1885	0.0	2915
FBtr0308119	FBtr0352672	93.810	727	9	4	2398	3097	1884	2601	0.0	1061
FBtr0308120	FBtr0352672	95.305	1853	60	17	1	1834	41	1885	0.0	2915
FBtr0308120	FBtr0352672	93.810	727	9	4	2398	3097	1884	2601	0.0	1061
FBtr0307040	FBtr0359172	94.814	9198	300	59	1	9090	34	9162	0.0	14179
FBtr0307041	FBtr0359172	94.856	9234	301	58	1	9129	34	9198	0.0	14260
FBtr0329969	FBtr0359172	94.856	9234	301	58	1	9129	34	9198	0.0	14260
FBtr0079087	FBtr0360229	85.802	162	22	1	5	166	2310	2150	4.35e-43	171
FBtr0079179	FBtr0355831	93.154	745	38	1	27	771	5	736	0.0	1081
FBtr0079179	FBtr0355831	96.809	94	2	1	1170	1262	736	829	7.51e-39	156
FBtr0332599	FBtr0355831	95.133	226	11	0	418	643	511	736	1.78e-99	357
FBtr0332599	FBtr0355831	96.809	94	2	1	1042	1134	736	829	6.96e-39	156
FBtr0079624	FBtr0355294	85.220	318	40	4	60	373	38	352	1.70e-88	320
FBtr0079624	FBtr0355294	77.825	469	71	11	686	1153	352	788	3.76e-70	259
FBtr0079782	FBtr0365022	98.000	100	2	0	1	100	238	337	1.60e-44	174
FBtr0331453	FBtr0365022	90.141	284	10	3	52	335	72	337	2.24e-98	353
FBtr0331454	FBtr0365022	97.959	147	3	0	59	205	191	337	5.97e-69	255
FBtr0079860	FBtr0364304	96.284	3229	100	7	319	3544	437	3648	0.0	5280
FBtr0079860	FBtr0364304	97.500	1000	18	3	3612	4608	3766	4761	0.0	1701
FBtr0079861	FBtr0364304	96.262	3665	115	9	1	3661	2	3648	0.0	5989
FBtr0079861	FBtr0364304	97.500	1000	18	3	3729	4725	3766	4761	0.0	1701
FBtr0113030	FBtr0364304	97.390	958	18	3	538	1492	3808	4761	0.0	1624
FBtr0304056	FBtr0364304	96.284	3229	100	7	95	3320	437	3648	0.0	5280
FBtr0304056	FBtr0364304	97.661	898	17	2	3388	4282	3766	4662	0.0	1539
FBtr0304057	FBtr0364304	96.284	3229	100	7	31	3256	437	3648	0.0	5280
FBtr0304057	FBtr0364304	97.500	1000	18	3	3324	4320	3766	4761	0.0	1701
FBtr0479942	FBtr0364304	96.284	3229	100	7	990	4215	437	3648	0.0	5280
FBtr0479942	FBtr0364304	97.500	1000	18	3	4283	5279	3766	4761	0.0	1701
FBtr0479942	FBtr0364304	96.110	437	15	2	1	436	2	437	0.0	712
FBtr0080132	FBtr0359616	93.084	1041	52	9	1	1022	34	1073	0.0	1506
FBtr0080132	FBtr0359616	92.362	851	30	12	1038	1873	1122	1952	0.0	1179
FBtr0304115	FBtr0359616	93.084	1041	52	9	1	1022	34	1073	0.0	1506
FBtr0304115	FBtr0359616	92.162	842	31	12	1035	1861	1122	1943	0.0	1157
FBtr0080143	FBtr0350778	97.653	213	4	1	2642	2854	1599	1388	1.84e-101	364
FBtr0080163	FBtr0358668	92.240	567	21	2	67	633	1	544	0.0	782
FBtr0080164	FBtr0358668	92.240	567	21	2	104	670	1	544	0.0	782
FBtr0340226	FBtr0358668	92.240	567	21	2	31	597	1	544	0.0	782
FBtr0080561	FBtr0365320	96.356	1866	62	2	263	2128	729	2588	0.0	3064
FBtr0080561	FBtr0365320	98.075	1714	33	0	2308	4021	2816	4529	0.0	2983
FBtr0080561	FBtr0365320	90.189	265	20	2	3	264	11	272	4.38e-94	340
FBtr0080562	FBtr0365320	97.693	1994	40	4	2314	4304	2816	4806	0.0	3422
FBtr0080562	FBtr0365320	96.352	1864	62	2	271	2134	731	2588	0.0	3061
FBtr0080562	FBtr0365320	93.358	271	16	2	1	270	194	463	8.52e-112	399
FBtr0343669	FBtr0365320	97.702	1958	40	3	2148	4102	2816	4771	0.0	3362
FBtr0343669	FBtr0365320	96.352	1864	62	2	105	1968	731	2588	0.0	3061
FBtr0343669	FBtr0365320	98.148	108	1	1	1	107	462	569	6.16e-48	187
FBtr0080850	FBtr0362083	85.380	513	50	9	578	1090	189	676	3.14e-145	508
FBtr0347182	FBtr0350638	87.730	163	4	2	190	352	1	147	7.48e-45	176
FBtr0081109	FBtr0357580	93.910	936	42	8	1	936	10	930	0.0	1399
FBtr0081109	FBtr0357580	96.241	133	5	0	1180	1312	941	1073	9.97e-58	219
FBtr0081121	FBtr0357580	91.138	835	55	12	60	892	113	930	0.0	1114
FBtr0081121	FBtr0357580	96.347	219	8	0	1136	1354	941	1159	1.12e-100	361
FBtr0344795	FBtr0357580	91.138	835	55	12	464	1296	113	930	0.0	1114
FBtr0344795	FBtr0357580	96.347	219	8	0	1540	1758	941	1159	1.46e-100	361
FBtr0329891	FBtr0363754	95.208	2525	82	15	1	2502	53	2561	0.0	3956
FBtr0329891	FBtr0363754	94.384	1015	24	13	2501	3492	2604	3608	0.0	1528
FBtr0301669	FBtr0363754	95.208	2525	82	15	1	2502	53	2561	0.0	3956
FBtr0301669	FBtr0363754	94.384	1015	24	13	2501	3492	2604	3608	0.0	1528
FBtr0081450	FBtr0355294	87.500	472	34	7	659	1130	351	797	4.29e-149	521
FBtr0081450	FBtr0355294	88.959	317	28	3	37	349	38	351	5.88e-108	385
FBtr0339567	FBtr0355294	87.339	466	40	5	659	1124	351	797	1.99e-147	516
FBtr0339567	FBtr0355294	88.959	317	28	3	37	349	38	351	5.85e-108	385
FBtr0081621	FBtr0362812	78.981	157	29	4	1606	1760	1101	1255	4.25e-23	104
FBtr0081657	FBtr0362812	88.608	158	18	0	1613	1770	1099	1256	1.34e-49	193
FBtr0081658	FBtr0362812	88.608	158	18	0	1460	1617	1099	1256	8.32e-50	193
FBtr0474171	FBtr0362812	88.608	158	18	0	1613	1770	1099	1256	1.34e-49	193
FBtr0474172	FBtr0362812	88.608	158	18	0	1613	1770	1099	1256	1.34e-49	193
FBtr0479791	FBtr0362812	88.608	158	18	0	1613	1770	1099	1256	1.34e-49	193
FBtr0081859	FBtr0353978	95.247	526	21	3	382	907	360	881	0.0	830
FBtr0081859	FBtr0353978	91.102	236	21	0	47	282	1	236	1.31e-88	320
FBtr0081943	FBtr0350310	97.716	1576	33	1	928	2500	28	1603	0.0	2708
FBtr0302489	FBtr0350310	97.716	1576	33	1	982	2554	28	1603	0.0	2708
FBtr0308890	FBtr0350310	97.716	1576	33	1	928	2500	28	1603	0.0	2708
FBtr0308890	FBtr0350310	96.745	768	17	2	5753	6512	1603	2370	0.0	1273
FBtr0308890	FBtr0350310	95.928	221	9	0	6543	6763	2369	2589	2.23e-99	359
FBtr0082563	FBtr0364766	94.337	830	36	5	2593	3421	761	1580	0.0	1262
FBtr0082563	FBtr0364766	94.760	668	22	3	1848	2515	1	655	0.0	1027
FBtr0306256	FBtr0359369	97.433	4674	98	4	1	4658	164	4831	0.0	7947
FBtr0306256	FBtr0359369	95.182	3238	101	20	4814	8014	4994	8213	0.0	5064
FBtr0306257	FBtr0359369	97.433	4674	98	4	1	4658	164	4831	0.0	7947
FBtr0306257	FBtr0359369	94.451	2541	87	19	4814	7317	4994	7517	0.0	3862
FBtr0334510	FBtr0359369	97.689	4674	98	3	1	4670	164	4831	0.0	8024
FBtr0334510	FBtr0359369	95.182	3238	101	20	4826	8026	4994	8213	0.0	5064
FBtr0334511	FBtr0359369	97.689	4674	98	3	1	4670	164	4831	0.0	8024
FBtr0334511	FBtr0359369	94.451	2541	87	19	4826	7329	4994	7517	0.0	3862
FBtr0334512	FBtr0359369	97.689	4674	98	3	1	4670	164	4831	0.0	8024
FBtr0334512	FBtr0359369	94.447	2539	87	19	4826	7327	4994	7515	0.0	3858
FBtr0334512	FBtr0359369	97.860	701	14	1	7459	8159	7514	8213	0.0	1210
FBtr0082978	FBtr0363653	96.806	3475	108	1	768	4242	1	3472	0.0	5799
FBtr0082979	FBtr0363653	96.806	3475	108	1	942	4416	1	3472	0.0	5799
FBtr0474098	FBtr0350316	93.361	241	11	4	380	618	11	248	3.08e-98	351
FBtr0083347	FBtr0362812	96.517	2096	33	5	1575	3669	836	2892	0.0	3430
FBtr0083347	FBtr0362812	93.166	717	33	10	741	1444	1	714	0.0	1038
FBtr0083348	FBtr0362812	97.556	1841	32	4	1701	3540	1064	2892	0.0	3138
FBtr0083348	FBtr0362812	93.166	717	33	10	741	1444	1	714	0.0	1038
FBtr0083348	FBtr0362812	99.237	131	1	0	1575	1705	836	966	5.33e-63	237
FBtr0083349	FBtr0362812	96.375	2069	38	18	1575	3618	836	2892	0.0	3371
FBtr0083349	FBtr0362812	93.166	717	33	10	741	1444	1	714	0.0	1038
FBtr0083350	FBtr0362812	98.155	1084	16	2	1702	2784	1014	2094	0.0	1888
FBtr0083350	FBtr0362812	93.166	717	33	10	741	1444	1	714	0.0	1038
FBtr0083350	FBtr0362812	99.254	134	1	0	1575	1708	836	969	8.78e-65	243
FBtr0083351	FBtr0362812	98.122	1544	20	3	1575	3117	836	2371	0.0	2682
FBtr0083351	FBtr0362812	93.166	717	33	10	741	1444	1	714	0.0	1038
FBtr0083352	FBtr0362812	97.553	1839	32	4	1730	3567	1066	2892	0.0	3134
FBtr0083352	FBtr0362812	93.166	717	33	10	741	1444	1	714	0.0	1038
FBtr0083352	FBtr0362812	99.231	130	1	0	1575	1704	836	965	2.21e-62	235
FBtr0083367	FBtr0219035	93.493	1291	61	2	1	1290	131	1399	0.0	1897
FBtr0337059	FBtr0219035	93.493	1291	61	2	1	1290	131	1399	0.0	1897
FBtr0083390	FBtr0361655	87.602	492	55	4	983	1473	302	788	2.60e-162	566
FBtr0083390	FBtr0361655	95.588	272	12	0	712	983	1	272	2.13e-123	436
FBtr0083390	FBtr0219041	90.758	422	39	0	16	437	1	422	9.36e-162	564
FBtr0307190	FBtr0219041	90.543	571	47	2	16	579	1	571	0.0	749
FBtr0307190	FBtr0361655	87.602	492	55	4	1048	1538	302	788	2.71e-162	566
FBtr0307190	FBtr0361655	95.588	272	12	0	777	1048	1	272	2.22e-123	436
FBtr0083612	FBtr0351774	86.597	1149	59	47	2817	3939	1	1080	0.0	1181
FBtr0330051	FBtr0351774	86.597	1149	59	47	3322	4444	1	1080	0.0	1181
FBtr0083687	FBtr0361704	96.420	2151	77	0	886	3036	822	2972	0.0	3546
FBtr0083687	FBtr0361704	93.829	632	19	6	1	615	1	629	0.0	933
FBtr0083687	FBtr0361704	84.178	651	103	0	682	1332	648	1298	0.0	632
FBtr0083687	FBtr0361704	84.615	286	43	1	1084	1369	840	1124	5.78e-77	283
FBtr0083687	FBtr0361704	77.009	448	103	0	855	1302	851	1298	3.51e-69	257
FBtr0345269	FBtr0361704	96.420	2151	77	0	883	3033	822	2972	0.0	3546
FBtr0345269	FBtr0361704	93.354	632	19	7	1	612	1	629	0.0	913
FBtr0345269	FBtr0361704	84.178	651	103	0	679	1329	648	1298	0.0	632
FBtr0345269	FBtr0361704	84.615	286	43	1	1081	1366	840	1124	5.78e-77	283
FBtr0345269	FBtr0361704	77.009	448	103	0	852	1299	851	1298	3.50e-69	257
FBtr0112788	FBtr0350034	96.667	90	2	1	1	89	385	474	5.38e-36	148
FBtr0334641	FBtr0350034	94.306	281	11	1	175	450	94	374	2.30e-119	425
FBtr0085365	FBtr0364323	95.376	9904	316	55	108	9937	316	10151	0.0	15621
FBtr0330299	FBtr0364323	95.514	11836	354	63	108	11845	316	12072	0.0	18752
FBtr0330300	FBtr0364323	95.427	11022	332	60	536	11462	1128	12072	0.0	17403
FBtr0330301	FBtr0364323	95.504	11810	354	63	1	11712	342	12072	0.0	18703
FBtr0335408	FBtr0360789	96.020	201	3	3	4080	4279	1284	1088	1.69e-88	322
FBtr0085771	FBtr0360789	94.277	664	25	2	2	652	1	664	0.0	1003
FBtr0086461	FBtr0355232	98.659	820	10	1	1	819	8	827	0.0	1452
FBtr0086753	FBtr0352242	95.386	1062	35	8	95	1148	1	1056	0.0	1677
FBtr0071218	FBtr0357727	90.051	784	47	15	1100	1879	366	1122	0.0	987
FBtr0071218	FBtr0357727	94.393	321	18	0	689	1009	46	366	1.49e-140	494
FBtr0332626	FBtr0357727	89.055	868	52	18	1100	1963	366	1194	0.0	1037
FBtr0332626	FBtr0357727	94.393	321	18	0	689	1009	46	366	1.54e-140	494
FBtr0071239	FBtr0360331	79.637	771	100	32	301	1065	491	1210	5.20e-143	501
FBtr0343354	FBtr0360331	80.298	604	70	24	38	640	655	1210	5.52e-116	411
FBtr0071243	FBtr0360331	80.132	604	71	24	44	646	655	1210	2.62e-114	405
FBtr0343355	FBtr0360331	80.132	604	71	24	44	646	655	1210	2.97e-114	405
FBtr0071497	FBtr0353268	88.149	1772	181	9	250	2020	142	1885	0.0	2082
FBtr0334456	FBtr0353268	88.149	1772	181	9	215	1985	142	1885	0.0	2082
FBtr0342794	FBtr0362299	91.120	259	3	3	5	245	927	1183	3.31e-92	333
FBtr0086983	FBtr0211160	96.797	843	26	1	765	1606	483	1325	0.0	1406
FBtr0086983	FBtr0211160	95.579	475	21	0	21	495	1	475	0.0	761
FBtr0087004	FBtr0211160	95.119	840	35	4	762	1595	483	1322	0.0	1319
FBtr0087004	FBtr0211160	95.368	475	22	0	18	492	1	475	0.0	756
FBtr0345521	FBtr0211160	95.059	850	35	5	762	1605	483	1331	0.0	1330
FBtr0345521	FBtr0211160	95.368	475	22	0	18	492	1	475	0.0	756
FBtr0087209	FBtr0349824	96.853	3146	87	4	502	3644	257	3393	0.0	5251
FBtr0087209	FBtr0349824	96.519	1781	46	6	3745	5514	3495	5270	0.0	2931
FBtr0087209	FBtr0349824	99.197	249	2	0	1	249	14	262	9.57e-127	449
FBtr0340019	FBtr0349824	97.049	3389	88	4	1	3386	14	3393	0.0	5694
FBtr0340019	FBtr0349824	96.215	2642	61	10	3487	6100	3495	6125	0.0	4289
FBtr0113070	FBtr0210721	96.143	3189	48	26	1	3154	14	3162	0.0	5138
FBtr0088111	FBtr0359521	91.926	1350	93	5	11	1359	1	1335	0.0	1875
FBtr0088190	FBtr0359521	92.169	166	6	1	664	829	1338	1180	7.20e-61	228
FBtr0088844	FBtr0358701	95.895	2363	71	11	1052	3414	1819	4155	0.0	3803
FBtr0088844	FBtr0358701	94.406	876	31	4	135	992	821	1696	0.0	1330
FBtr0088844	FBtr0358701	96.330	109	2	2	1	107	23	131	3.08e-45	178
FBtr0339121	FBtr0358701	95.895	2363	71	11	1716	4078	1819	4155	0.0	3803
FBtr0339121	FBtr0358701	92.727	1705	44	28	1	1656	23	1696	0.0	2388
FBtr0088888	FBtr0358701	98.077	52	1	0	838	889	4417	4366	1.06e-19	91.6
FBtr0088889	FBtr0358701	96.471	85	3	0	777	861	4234	4150	1.00e-34	141
FBtr0088889	FBtr0358701	91.954	87	5	2	701	786	4343	4258	1.31e-28	121
FBtr0333706	FBtr0350692	88.312	77	7	1	7845	7919	7270	7346	1.32e-18	91.6
FBtr0345197	FBtr0350692	88.312	77	7	1	7845	7919	7270	7346	1.59e-18	91.6
FBtr0089267	FBtr0217080	92.096	291	17	2	473	760	468	755	4.08e-114	405
FBtr0089267	FBtr0352831	90.068	292	21	4	473	760	426	713	4.13e-104	372
FBtr0089270	FBtr0357507	96.649	1910	55	2	3270	5179	164	2064	0.0	3164
FBtr0301863	FBtr0357507	96.861	1975	53	2	3276	5250	99	2064	0.0	3295
FBtr0301864	FBtr0357507	96.649	1910	55	2	3218	5127	164	2064	0.0	3164
FBtr0333484	FBtr0357507	96.861	2963	72	12	3403	6364	164	3106	0.0	4937
FBtr0333485	FBtr0357507	96.995	3028	70	12	3276	6302	99	3106	0.0	5068
FBtr0347158	FBtr0357507	96.649	1910	55	2	3354	5263	164	2064	0.0	3164
FBtr0347159	FBtr0357507	96.861	1975	53	2	3360	5334	99	2064	0.0	3295
FBtr0074987	FBtr0212192	90.268	596	24	20	26	612	1	571	0.0	749
FBtr0332968	FBtr0349819	96.701	1273	14	4	1128	2385	1033	2292	0.0	2093
FBtr0332968	FBtr0357042	96.970	33	1	0	3408	3440	1738	1770	2.96e-08	56.5
FBtr0302224	FBtr0349819	96.701	1273	14	4	1128	2385	1033	2292	0.0	2093
FBtr0302224	FBtr0357042	96.970	33	1	0	3408	3440	1738	1770	1.61e-08	56.5
FBtr0336974	FBtr0362800	100.000	62	0	0	623	684	2	63	1.68e-26	115
FBtr0305657	FBtr0351018	90.609	575	45	6	4555	5120	3958	4532	0.0	754
FBtr0305657	FBtr0351018	89.076	476	35	8	376	835	3272	3746	1.44e-164	575
FBtr0305657	FBtr0351018	89.598	423	43	1	3276	3697	3397	3819	6.80e-153	536
FBtr0305657	FBtr0351018	89.598	423	43	1	3906	4327	3397	3819	6.80e-153	536
FBtr0305657	FBtr0351018	89.125	423	45	1	3066	3487	3397	3819	1.47e-149	525
FBtr0305657	FBtr0351018	92.562	363	27	0	4116	4478	3397	3759	1.91e-148	521
FBtr0305657	FBtr0351018	88.889	423	46	1	3486	3907	3397	3819	6.85e-148	520
FBtr0305657	FBtr0351018	92.287	363	28	0	3696	4058	3397	3759	8.86e-147	516
FBtr0305657	FBtr0351018	87.707	423	51	1	2856	3277	3397	3819	1.49e-139	492
FBtr0305657	FBtr0351018	90.859	361	33	0	2256	2616	3397	3757	2.50e-137	484
FBtr0305657	FBtr0351018	90.938	320	29	0	4326	4645	3397	3716	3.30e-121	431
FBtr0305657	FBtr0351018	87.535	361	30	7	1671	2016	3397	3757	7.20e-113	403
FBtr0305657	FBtr0351018	87.328	363	31	7	2466	2813	3397	3759	2.59e-112	401
FBtr0305657	FBtr0351018	87.258	361	31	7	1086	1431	3397	3757	3.35e-111	398
FBtr0305657	FBtr0351018	87.052	363	32	7	1866	2213	3397	3759	1.20e-110	396
FBtr0305657	FBtr0351018	87.714	350	28	7	891	1225	3397	3746	4.33e-110	394
FBtr0305657	FBtr0351018	86.981	361	32	7	696	1041	3397	3757	1.56e-109	392
FBtr0305657	FBtr0351018	86.981	361	32	7	1281	1626	3397	3757	1.56e-109	392
FBtr0305657	FBtr0351018	86.704	361	33	7	1476	1821	3397	3757	7.25e-108	387
FBtr0305657	FBtr0351018	86.501	363	34	6	2061	2408	3397	3759	2.61e-107	385
FBtr0305657	FBtr0351018	86.501	363	34	6	2661	3008	3397	3759	2.61e-107	385
FBtr0305657	FBtr0351018	94.709	189	10	0	1	189	44	232	4.52e-80	294
FBtr0305657	FBtr0351018	79.646	452	54	20	241	667	2459	2897	5.85e-79	291
FBtr0305657	FBtr0351018	91.018	167	15	0	3066	3232	2731	2897	1.67e-59	226
FBtr0305657	FBtr0351018	90.419	167	16	0	3696	3862	2731	2897	7.78e-58	220
FBtr0305657	FBtr0351018	89.726	146	13	2	507	651	3613	3757	2.84e-47	185
FBtr0305657	FBtr0351018	90.000	110	11	0	4536	4645	2731	2840	1.73e-34	143
FBtr0305657	FBtr0351018	90.000	110	11	0	4536	4645	3397	3506	1.73e-34	143
FBtr0305657	FBtr0351018	92.857	84	6	0	294	377	2140	2223	2.26e-28	122
FBtr0305657	FBtr0351018	92.857	84	6	0	294	377	3064	3147	2.26e-28	122
FBtr0305657	FBtr0351018	92.771	83	6	0	295	377	461	543	8.12e-28	121
FBtr0305657	FBtr0351018	90.110	91	9	0	2485	2575	3958	4048	2.92e-27	119
FBtr0305657	FBtr0351018	90.110	91	9	0	3085	3175	3958	4048	2.92e-27	119
FBtr0305657	FBtr0351018	90.110	91	9	0	3295	3385	3958	4048	2.92e-27	119
FBtr0305657	FBtr0351018	90.110	91	9	0	3505	3595	3958	4048	2.92e-27	119
FBtr0305657	FBtr0351018	90.110	91	9	0	3925	4015	3958	4048	2.92e-27	119
FBtr0305657	FBtr0351018	90.110	91	9	0	4135	4225	3958	4048	2.92e-27	119
FBtr0305657	FBtr0351018	93.506	77	5	0	294	370	3866	3942	3.78e-26	115
FBtr0305657	FBtr0351018	93.421	76	5	0	295	370	659	734	1.36e-25	113
FBtr0305657	FBtr0351018	89.011	91	10	0	2275	2365	3958	4048	1.36e-25	113
FBtr0305657	FBtr0351018	89.011	91	10	0	2875	2965	3958	4048	1.36e-25	113
FBtr0305657	FBtr0351018	89.011	91	10	0	3715	3805	3958	4048	1.36e-25	113
FBtr0305657	FBtr0351018	89.011	91	10	0	4345	4435	3958	4048	1.36e-25	113
FBtr0305657	FBtr0351018	90.476	84	8	0	294	377	1453	1536	4.89e-25	111
FBtr0305657	FBtr0351018	90.476	84	8	0	294	377	2428	2511	4.89e-25	111
FBtr0305657	FBtr0351018	94.030	67	4	0	311	377	2982	3048	2.94e-22	102
FBtr0305657	FBtr0351018	93.750	48	3	0	330	377	925	972	2.31e-13	73.1
FBtr0074296	FBtr0347808	89.227	2367	246	8	1	2362	23	2385	0.0	2950
FBtr0074296	FBtr0347808	85.532	1251	139	13	2364	3613	2339	3548	0.0	1269
FBtr0074296	FBtr0347808	82.371	329	52	3	2527	2855	2283	2605	2.42e-76	281
FBtr0074296	FBtr0347808	78.648	281	42	5	2364	2644	2552	2814	5.46e-43	171
FBtr0334035	FBtr0347808	89.227	2367	246	8	1	2362	23	2385	0.0	2950
FBtr0334035	FBtr0347808	85.912	1370	149	15	2364	3732	2339	3665	0.0	1421
FBtr0334035	FBtr0347808	82.371	329	52	3	2527	2855	2283	2605	3.39e-76	281
FBtr0334035	FBtr0347808	78.648	281	42	5	2364	2644	2552	2814	7.66e-43	171
FBtr0344971	FBtr0361252	86.949	590	61	4	421	995	82	670	0.0	649
FBtr0344971	FBtr0361252	96.774	31	1	0	1973	2003	764	794	7.40e-07	52.8
FBtr0091807	FBtr0213576	96.894	322	6	4	148	468	1	319	6.64e-154	536
FBtr0085894	FBtr0213576	96.894	322	6	4	148	468	1	319	6.64e-154	536
FBtr0091810	FBtr0213576	96.894	322	6	4	148	468	1	319	6.64e-154	536
FBtr0091813	FBtr0213576	96.894	322	6	4	148	468	1	319	6.64e-154	536
FBtr0091816	FBtr0213576	96.894	322	6	4	148	468	1	319	6.64e-154	536
FBtr0091819	FBtr0213576	96.894	322	6	4	148	468	1	319	6.64e-154	536
FBtr0091822	FBtr0213576	96.584	322	7	4	148	468	1	319	3.09e-152	531
FBtr0091825	FBtr0213576	96.584	322	7	4	148	468	1	319	3.09e-152	531
FBtr0091828	FBtr0213576	96.584	322	7	4	148	468	1	319	3.09e-152	531
FBtr0091831	FBtr0213576	96.584	322	7	4	148	468	1	319	3.09e-152	531
FBtr0091834	FBtr0213576	96.584	322	7	4	148	468	1	319	3.09e-152	531
FBtr0091837	FBtr0213576	96.894	322	6	4	148	468	1	319	6.64e-154	536
FBtr0091840	FBtr0213576	96.894	322	6	4	148	468	1	319	6.64e-154	536
FBtr0091843	FBtr0213576	96.894	322	6	4	148	468	1	319	6.64e-154	536
FBtr0091846	FBtr0213576	96.894	322	6	4	148	468	1	319	6.64e-154	536
FBtr0091849	FBtr0213576	96.894	322	6	4	148	468	1	319	6.64e-154	536
FBtr0091852	FBtr0213576	96.894	322	6	4	148	468	1	319	6.64e-154	536
FBtr0091855	FBtr0213576	96.894	322	6	4	148	468	1	319	6.64e-154	536
FBtr0091858	FBtr0213576	96.894	322	6	4	148	468	1	319	6.64e-154	536
FBtr0091861	FBtr0213576	96.894	322	6	4	148	468	1	319	6.64e-154	536
FBtr0091864	FBtr0213576	96.894	322	6	4	148	468	1	319	6.64e-154	536
FBtr0091867	FBtr0213576	96.894	322	6	4	148	468	1	319	6.64e-154	536
FBtr0091870	FBtr0213576	96.894	322	6	4	148	468	1	319	6.64e-154	536
FBtr0091872	FBtr0351910	98.697	307	3	1	44	349	1	307	4.48e-156	544
FBtr0091874	FBtr0351910	98.697	307	3	1	44	349	1	307	4.48e-156	544
FBtr0091876	FBtr0351910	98.697	307	3	1	44	349	1	307	4.48e-156	544
FBtr0091878	FBtr0351910	98.697	307	3	1	44	349	1	307	4.48e-156	544
FBtr0091880	FBtr0351910	98.697	307	3	1	44	349	1	307	4.48e-156	544
FBtr0091882	FBtr0351910	98.697	307	3	1	44	349	1	307	4.48e-156	544
FBtr0091884	FBtr0351910	98.697	307	3	1	44	349	1	307	4.48e-156	544
FBtr0091886	FBtr0351910	98.697	307	3	1	44	349	1	307	4.48e-156	544
FBtr0091888	FBtr0351910	98.697	307	3	1	44	349	1	307	4.48e-156	544
FBtr0091890	FBtr0351910	98.697	307	3	1	44	349	1	307	4.48e-156	544
FBtr0091892	FBtr0351910	98.697	307	3	1	44	349	1	307	4.48e-156	544
FBtr0091894	FBtr0351910	98.697	307	3	1	44	349	1	307	4.48e-156	544
FBtr0091896	FBtr0351910	98.697	307	3	1	44	349	1	307	4.48e-156	544
FBtr0091898	FBtr0351910	98.697	307	3	1	44	349	1	307	4.48e-156	544
FBtr0091900	FBtr0351910	98.697	307	3	1	44	349	1	307	4.48e-156	544
FBtr0091902	FBtr0351910	98.697	307	3	1	44	349	1	307	4.48e-156	544
FBtr0091904	FBtr0351910	98.697	307	3	1	44	349	1	307	4.48e-156	544
FBtr0091906	FBtr0351910	98.697	307	3	1	44	349	1	307	4.48e-156	544
FBtr0091908	FBtr0351910	98.697	307	3	1	44	349	1	307	4.48e-156	544
FBtr0091910	FBtr0351910	98.697	307	3	1	44	349	1	307	4.48e-156	544
FBtr0091912	FBtr0351910	98.697	307	3	1	44	349	1	307	4.48e-156	544
FBtr0085927	FBtr0351910	98.697	307	3	1	44	349	1	307	4.48e-156	544
FBtr0091914	FBtr0351910	98.697	307	3	1	44	349	1	307	4.48e-156	544
FBtr0073177	FBtr0213223	91.493	670	41	1	1	654	6	675	0.0	907
FBtr0073177	FBtr0213223	89.635	521	38	5	2017	2521	198	718	0.0	649
FBtr0073177	FBtr0213223	89.331	478	35	5	1105	1566	198	675	3.19e-168	586
FBtr0073177	FBtr0213223	88.075	478	41	5	1561	2022	198	675	3.23e-158	553
FBtr0073177	FBtr0213223	87.866	478	42	2	421	882	198	675	1.50e-156	547
FBtr0073177	FBtr0213223	87.866	478	42	5	1333	1794	198	675	1.50e-156	547
FBtr0073177	FBtr0213223	87.866	478	42	5	1789	2250	198	675	1.50e-156	547
FBtr0073177	FBtr0213223	87.657	478	43	2	877	1338	198	675	6.99e-155	542
FBtr0073177	FBtr0213223	87.238	478	45	5	649	1110	198	675	1.51e-151	531
FBtr0073177	FBtr0213223	89.744	234	24	0	193	426	442	675	4.65e-82	300
FBtr0073177	FBtr0213223	86.800	250	17	8	2245	2478	198	447	1.70e-71	265
FBtr0073179	FBtr0213223	89.655	522	38	5	2034	2539	198	719	0.0	651
FBtr0073179	FBtr0213223	89.980	489	33	1	199	671	187	675	1.21e-177	617
FBtr0073179	FBtr0213223	89.331	478	35	5	1122	1583	198	675	3.43e-168	586
FBtr0073179	FBtr0213223	88.075	478	41	5	1578	2039	198	675	3.47e-158	553
FBtr0073179	FBtr0213223	87.866	478	42	2	438	899	198	675	1.62e-156	547
FBtr0073179	FBtr0213223	87.866	478	42	5	1350	1811	198	675	1.62e-156	547
FBtr0073179	FBtr0213223	87.866	478	42	5	1806	2267	198	675	1.62e-156	547
FBtr0073179	FBtr0213223	87.657	478	43	2	894	1355	198	675	7.52e-155	542
FBtr0073179	FBtr0213223	87.238	478	45	5	666	1127	198	675	1.63e-151	531
FBtr0073179	FBtr0213223	89.744	234	24	0	210	443	442	675	5.00e-82	300
FBtr0073179	FBtr0213223	86.800	250	17	8	2262	2495	198	447	1.82e-71	265
FBtr0073178	FBtr0213223	89.655	522	38	5	2083	2588	198	719	0.0	651
FBtr0073178	FBtr0213223	89.980	489	33	1	248	720	187	675	1.24e-177	617
FBtr0073178	FBtr0213223	89.331	478	35	5	1171	1632	198	675	3.49e-168	586
FBtr0073178	FBtr0213223	88.075	478	41	5	1627	2088	198	675	3.54e-158	553
FBtr0073178	FBtr0213223	87.866	478	42	2	487	948	198	675	1.65e-156	547
FBtr0073178	FBtr0213223	87.866	478	42	5	1399	1860	198	675	1.65e-156	547
FBtr0073178	FBtr0213223	87.866	478	42	5	1855	2316	198	675	1.65e-156	547
FBtr0073178	FBtr0213223	87.657	478	43	2	943	1404	198	675	7.66e-155	542
FBtr0073178	FBtr0213223	87.238	478	45	5	715	1176	198	675	1.66e-151	531
FBtr0073178	FBtr0213223	89.744	234	24	0	259	492	442	675	5.09e-82	300
FBtr0073178	FBtr0213223	86.800	250	17	8	2311	2544	198	447	1.86e-71	265
FBtr0333142	FBtr0213223	89.655	522	38	5	1948	2453	198	719	0.0	651
FBtr0333142	FBtr0213223	89.980	489	33	1	113	585	187	675	1.18e-177	617
FBtr0333142	FBtr0213223	89.331	478	35	5	1036	1497	198	675	3.32e-168	586
FBtr0333142	FBtr0213223	88.075	478	41	5	1492	1953	198	675	3.36e-158	553
FBtr0333142	FBtr0213223	87.866	478	42	2	352	813	198	675	1.56e-156	547
FBtr0333142	FBtr0213223	87.866	478	42	5	1264	1725	198	675	1.56e-156	547
FBtr0333142	FBtr0213223	87.866	478	42	5	1720	2181	198	675	1.56e-156	547
FBtr0333142	FBtr0213223	87.657	478	43	2	808	1269	198	675	7.28e-155	542
FBtr0333142	FBtr0213223	87.238	478	45	5	580	1041	198	675	1.58e-151	531
FBtr0333142	FBtr0213223	89.744	234	24	0	124	357	442	675	4.84e-82	300
FBtr0333142	FBtr0213223	86.800	250	17	8	2176	2409	198	447	1.76e-71	265
FBtr0083369	FBtr0219035	93.543	1301	61	2	1	1300	121	1399	0.0	1916
FBtr0089225	FBtr0356421	97.149	3227	92	0	136	3362	1572	4798	0.0	5450
FBtr0089225	FBtr0356421	96.403	139	5	0	1	139	1	139	1.27e-60	230
FBtr0089224	FBtr0356421	97.177	3223	91	0	416	3638	1576	4798	0.0	5448
FBtr0089224	FBtr0356421	94.737	95	5	0	1	95	1	95	3.69e-36	148
FBtr0089223	FBtr0356421	97.042	4801	139	1	1	4801	1	4798	0.0	8076
FBtr0309865	FBtr0356421	97.061	4662	134	1	333	4994	140	4798	0.0	7847
FBtr0309865	FBtr0356421	96.454	141	5	0	1	141	1	141	1.95e-61	233
FBtr0100839	FBtr0356489	94.558	147	1	4	1	140	546	400	1.19e-57	220
FBtr0306522	FBtr0356489	100.000	61	0	0	1	61	546	486	1.69e-25	113
FBtr0100857	FBtr0355868	95.117	471	23	0	133	603	1	471	0.0	743
FBtr0100861	FBtr0348655	94.312	879	50	0	658	1536	1	879	0.0	1347
FBtr0100863	FBtr0360147	95.315	619	29	0	67	685	1	619	0.0	983
FBtr0100868	FBtr0355955	93.376	468	31	0	322	789	1	468	0.0	693
FBtr0433501	FBtr0352463	94.150	735	43	0	1	735	556	1290	0.0	1120
FBtr0433501	FBtr0352712	94.058	589	32	2	1132	1717	1	589	0.0	891
FBtr0433502	FBtr0358148	96.275	510	19	0	628	1137	1	510	0.0	837
FBtr0433499	FBtr0363588	96.450	507	18	0	1	507	4	510	0.0	837
FBtr0113869	FBtr0360302	95.099	2938	127	6	86	3019	149	3073	0.0	4612
FBtr0113869	FBtr0356389	95.099	2938	127	6	86	3019	149	3073	0.0	4612
FBtr0113869	FBtr0359543	95.099	2938	127	6	86	3019	149	3073	0.0	4612
FBtr0113869	FBtr0364209	95.099	2938	127	6	86	3019	149	3073	0.0	4612
FBtr0113869	FBtr0361481	95.099	2938	127	6	86	3019	149	3073	0.0	4612
FBtr0113870	FBtr0360302	95.099	2938	127	6	278	3211	149	3073	0.0	4612
FBtr0113870	FBtr0356389	95.099	2938	127	6	278	3211	149	3073	0.0	4612
FBtr0113870	FBtr0359543	95.099	2938	127	6	278	3211	149	3073	0.0	4612
FBtr0113870	FBtr0364209	95.099	2938	127	6	278	3211	149	3073	0.0	4612
FBtr0113870	FBtr0361481	95.099	2938	127	6	278	3211	149	3073	0.0	4612
FBtr0113871	FBtr0360302	95.099	2938	127	6	269	3202	149	3073	0.0	4612
FBtr0113871	FBtr0356389	95.099	2938	127	6	269	3202	149	3073	0.0	4612
FBtr0113871	FBtr0359543	95.099	2938	127	6	269	3202	149	3073	0.0	4612
FBtr0113871	FBtr0364209	95.099	2938	127	6	269	3202	149	3073	0.0	4612
FBtr0113871	FBtr0361481	95.099	2938	127	6	269	3202	149	3073	0.0	4612
FBtr0302243	FBtr0360302	95.099	2938	127	6	94	3027	149	3073	0.0	4612
FBtr0302243	FBtr0356389	95.099	2938	127	6	94	3027	149	3073	0.0	4612
FBtr0302243	FBtr0359543	95.099	2938	127	6	94	3027	149	3073	0.0	4612
FBtr0302243	FBtr0364209	95.099	2938	127	6	94	3027	149	3073	0.0	4612
FBtr0302243	FBtr0361481	95.099	2938	127	6	94	3027	149	3073	0.0	4612
FBtr0302244	FBtr0360302	95.099	2938	127	6	109	3042	149	3073	0.0	4612
FBtr0302244	FBtr0356389	95.099	2938	127	6	109	3042	149	3073	0.0	4612
FBtr0302244	FBtr0359543	95.099	2938	127	6	109	3042	149	3073	0.0	4612
FBtr0302244	FBtr0364209	95.099	2938	127	6	109	3042	149	3073	0.0	4612
FBtr0302244	FBtr0361481	95.099	2938	127	6	109	3042	149	3073	0.0	4612
FBtr0302245	FBtr0360302	95.099	2938	127	6	73	3006	149	3073	0.0	4612
FBtr0302245	FBtr0356389	95.099	2938	127	6	73	3006	149	3073	0.0	4612
FBtr0302245	FBtr0359543	95.099	2938	127	6	73	3006	149	3073	0.0	4612
FBtr0302245	FBtr0364209	95.099	2938	127	6	73	3006	149	3073	0.0	4612
FBtr0302245	FBtr0361481	95.099	2938	127	6	73	3006	149	3073	0.0	4612
FBtr0302246	FBtr0360302	95.099	2938	127	6	62	2995	149	3073	0.0	4612
FBtr0302246	FBtr0356389	95.099	2938	127	6	62	2995	149	3073	0.0	4612
FBtr0302246	FBtr0359543	95.099	2938	127	6	62	2995	149	3073	0.0	4612
FBtr0302246	FBtr0364209	95.099	2938	127	6	62	2995	149	3073	0.0	4612
FBtr0302246	FBtr0361481	95.099	2938	127	6	62	2995	149	3073	0.0	4612
FBtr0302247	FBtr0360302	95.099	2938	127	6	59	2992	149	3073	0.0	4612
FBtr0302247	FBtr0356389	95.099	2938	127	6	59	2992	149	3073	0.0	4612
FBtr0302247	FBtr0359543	95.099	2938	127	6	59	2992	149	3073	0.0	4612
FBtr0302247	FBtr0364209	95.099	2938	127	6	59	2992	149	3073	0.0	4612
FBtr0302247	FBtr0361481	95.099	2938	127	6	59	2992	149	3073	0.0	4612
FBtr0302248	FBtr0360302	95.099	2938	127	6	100	3033	149	3073	0.0	4612
FBtr0302248	FBtr0356389	95.099	2938	127	6	100	3033	149	3073	0.0	4612
FBtr0302248	FBtr0359543	95.099	2938	127	6	100	3033	149	3073	0.0	4612
FBtr0302248	FBtr0364209	95.099	2938	127	6	100	3033	149	3073	0.0	4612
FBtr0302248	FBtr0361481	95.099	2938	127	6	100	3033	149	3073	0.0	4612
FBtr0110905	FBtr0350310	96.745	768	17	2	1825	2584	1603	2370	0.0	1273
FBtr0110905	FBtr0350310	95.928	221	9	0	2615	2835	2369	2589	1.04e-99	359
FBtr0308891	FBtr0350310	97.716	1576	33	1	928	2500	28	1603	0.0	2708
FBtr0308891	FBtr0350310	96.745	768	17	2	5753	6512	1603	2370	0.0	1273
FBtr0308891	FBtr0350310	95.928	221	9	0	6543	6763	2369	2589	2.23e-99	359
FBtr0330121	FBtr0350310	96.745	768	17	2	1825	2584	1603	2370	0.0	1273
FBtr0330121	FBtr0350310	95.928	221	9	0	2615	2835	2369	2589	1.04e-99	359
FBtr0112462	FBtr0363619	88.973	263	19	5	62	314	1	263	6.58e-88	316
FBtr0112463	FBtr0363619	88.685	327	23	7	47	373	5	317	4.91e-109	387
FBtr0112645	FBtr0358763	94.532	1079	59	0	1169	2247	1241	2319	0.0	1666
FBtr0112645	FBtr0358763	95.923	932	38	0	1	932	73	1004	0.0	1511
FBtr0112645	FBtr0358763	97.126	174	5	0	947	1120	1049	1222	2.99e-80	294
FBtr0112708	FBtr0349094	98.541	6168	84	2	303	6470	1	6162	0.0	10887
FBtr0112709	FBtr0349094	98.744	3742	41	2	3959	7700	2427	6162	0.0	6645
FBtr0112710	FBtr0349094	98.023	1922	32	2	5806	7727	4247	6162	0.0	3334
FBtr0112710	FBtr0349094	99.452	1824	10	0	3959	5782	2427	4250	0.0	3314
FBtr0112712	FBtr0349094	96.809	11938	231	59	1293	13162	1	11856	0.0	19797
FBtr0330122	FBtr0349094	98.541	6168	84	2	748	6915	1	6162	0.0	10887
FBtr0330123	FBtr0349094	96.520	10058	200	59	3230	13219	1881	11856	0.0	16497
FBtr0330123	FBtr0349094	98.351	1880	31	0	1293	3172	1	1880	0.0	3301
FBtr0330124	FBtr0349094	99.451	1822	10	0	649	2470	2429	4250	0.0	3310
FBtr0330124	FBtr0349094	97.390	1916	35	8	2494	4394	4247	6162	0.0	3247
FBtr0330125	FBtr0349094	99.072	2370	22	0	3203	5572	1881	4250	0.0	4255
FBtr0330125	FBtr0349094	98.023	1922	32	2	5596	7517	4247	6162	0.0	3334
FBtr0330125	FBtr0349094	96.915	1880	31	1	1293	3145	1	1880	0.0	3125
FBtr0330126	FBtr0349094	95.723	7692	179	60	5806	13429	4247	11856	0.0	12244
FBtr0330126	FBtr0349094	99.452	1824	10	0	3959	5782	2427	4250	0.0	3314
FBtr0340654	FBtr0349094	98.753	4250	53	0	953	5202	1	4250	0.0	7555
FBtr0340654	FBtr0349094	98.023	1922	32	2	5226	7147	4247	6162	0.0	3334
FBtr0340655	FBtr0349094	99.072	2370	22	0	3149	5518	1881	4250	0.0	4255
FBtr0340655	FBtr0349094	98.023	1922	32	2	5542	7463	4247	6162	0.0	3334
FBtr0340655	FBtr0349094	96.436	1880	31	2	1248	3091	1	1880	0.0	3068
FBtr0340656	FBtr0349094	95.723	7692	179	60	6578	14201	4247	11856	0.0	12244
FBtr0340656	FBtr0349094	98.709	3796	49	0	2759	6554	455	4250	0.0	6739
FBtr0340656	FBtr0349094	99.119	454	4	0	1293	1746	1	454	0.0	817
FBtr0346962	FBtr0349094	96.520	10058	200	59	3185	13174	1881	11856	0.0	16497
FBtr0346962	FBtr0349094	98.351	1880	31	0	1248	3127	1	1880	0.0	3301
FBtr0112753	FBtr0365306	94.371	2274	98	13	669	2934	1	2252	0.0	3463
FBtr0112753	FBtr0365306	92.736	1060	44	16	3215	4262	2476	3514	0.0	1500
FBtr0112754	FBtr0365306	96.679	1054	32	1	783	1833	1	1054	0.0	1749
FBtr0112754	FBtr0365306	91.934	1153	66	11	1832	2979	1122	2252	0.0	1589
FBtr0112754	FBtr0365306	93.843	942	42	10	3260	4189	2476	3413	0.0	1404
FBtr0112755	FBtr0365306	96.679	1054	32	1	669	1719	1	1054	0.0	1749
FBtr0112755	FBtr0365306	90.041	492	40	8	1718	2204	1122	1609	0.0	628
FBtr0343028	FBtr0365306	96.476	1362	45	1	797	2155	1	1362	0.0	2246
FBtr0343028	FBtr0365306	92.736	1060	44	16	3097	4144	2476	3514	0.0	1500
FBtr0343028	FBtr0365306	93.363	663	26	4	2154	2816	1608	2252	0.0	965
FBtr0343029	FBtr0365306	95.256	1054	32	2	783	1818	1	1054	0.0	1653
FBtr0343029	FBtr0365306	91.934	1153	66	11	1817	2964	1122	2252	0.0	1589
FBtr0343029	FBtr0365306	92.736	1060	44	16	3245	4292	2476	3514	0.0	1500
FBtr0308591	FBtr0365306	94.792	1613	72	9	783	2387	1	1609	0.0	2503
FBtr0308591	FBtr0365306	92.736	1060	44	16	3872	4919	2476	3514	0.0	1500
FBtr0308591	FBtr0365306	93.253	667	26	5	2926	3591	1604	2252	0.0	965
FBtr0331304	FBtr0365306	94.371	2274	98	13	669	2934	1	2252	0.0	3463
FBtr0331304	FBtr0365306	93.843	942	42	10	3215	4144	2476	3413	0.0	1404
FBtr0070933	FBtr0213223	85.774	478	52	4	373	834	198	675	5.41e-140	492
FBtr0070933	FBtr0213223	85.276	489	56	4	134	606	187	675	1.95e-139	490
FBtr0070933	FBtr0213223	85.356	478	54	4	601	1062	198	675	1.17e-136	481
FBtr0070933	FBtr0213223	85.356	478	54	4	1057	1518	198	675	1.17e-136	481
FBtr0070933	FBtr0213223	85.470	468	52	4	1285	1736	198	665	1.96e-134	473
FBtr0070933	FBtr0213223	84.937	478	56	4	829	1290	198	675	2.54e-133	470
FBtr0070933	FBtr0213223	90.213	235	23	0	144	378	441	675	2.10e-84	307
FBtr0345892	FBtr0213223	85.774	478	52	4	746	1207	198	675	6.77e-140	492
FBtr0345892	FBtr0213223	85.276	489	56	4	507	979	187	675	2.43e-139	490
FBtr0345892	FBtr0213223	85.356	478	54	4	974	1435	198	675	1.47e-136	481
FBtr0345892	FBtr0213223	85.356	478	54	4	1430	1891	198	675	1.47e-136	481
FBtr0345892	FBtr0213223	85.470	468	52	4	1658	2109	198	665	2.45e-134	473
FBtr0345892	FBtr0213223	84.937	478	56	4	1202	1663	198	675	3.17e-133	470
FBtr0345892	FBtr0213223	90.213	235	23	0	517	751	441	675	2.63e-84	307
FBtr0074802	FBtr0356489	91.074	1815	63	39	2171	3953	1	1748	0.0	2362
FBtr0072789	FBtr0357466	97.019	4964	148	0	130	5093	1	4964	0.0	8347
FBtr0332878	FBtr0357466	96.888	4145	129	0	130	4274	1	4145	0.0	6940
FBtr0332878	FBtr0357466	97.467	829	21	0	4361	5189	4136	4964	0.0	1415
FBtr0332879	FBtr0357466	96.888	4145	129	0	130	4274	1	4145	0.0	6940
FBtr0332879	FBtr0357466	97.467	829	21	0	4361	5189	4136	4964	0.0	1415
FBtr0332880	FBtr0357466	97.019	4964	148	0	130	5093	1	4964	0.0	8347
FBtr0112628	FBtr0357393	94.343	1538	50	8	16954	18454	1	1538	0.0	2324
FBtr0307597	FBtr0357393	94.343	1538	50	8	17590	19090	1	1538	0.0	2324
FBtr0307598	FBtr0357393	94.343	1538	50	8	18390	19890	1	1538	0.0	2324
FBtr0305059	FBtr0349618	96.539	3005	80	13	2590	5590	5806	8790	0.0	4951
FBtr0305059	FBtr0349618	96.046	1492	39	10	1118	2592	4131	5619	0.0	2410
FBtr0305060	FBtr0349618	95.537	8268	208	75	2479	10701	3484	11635	0.0	13075
FBtr0305060	FBtr0349618	96.908	2361	43	10	81	2441	1107	3437	0.0	3928
FBtr0305060	FBtr0349618	91.667	348	5	5	10714	11061	11616	11939	9.57e-130	460
FBtr0305061	FBtr0349618	96.539	3005	80	13	3226	6226	5806	8790	0.0	4951
FBtr0305061	FBtr0349618	96.630	1721	27	11	81	1801	1107	2796	0.0	2828
FBtr0305061	FBtr0349618	96.381	829	21	1	1789	2608	4132	4960	0.0	1356
FBtr0305061	FBtr0349618	98.875	622	7	0	2607	3228	4998	5619	0.0	1110
FBtr0305062	FBtr0349618	96.326	4681	129	23	1789	6448	4132	8790	0.0	7651
FBtr0305062	FBtr0349618	96.630	1721	27	11	81	1801	1107	2796	0.0	2828
FBtr0299915	FBtr0349618	95.632	7601	191	62	2033	9589	4132	11635	0.0	12067
FBtr0299915	FBtr0349618	97.008	869	24	2	1177	2045	1930	2796	0.0	1459
FBtr0299915	FBtr0349618	96.154	858	3	10	81	938	1107	1934	0.0	1375
FBtr0299915	FBtr0349618	100.000	78	0	0	9602	9679	11616	11693	8.89e-35	145
FBtr0299916	FBtr0349618	96.987	4679	117	13	1398	6072	4132	8790	0.0	7838
FBtr0299916	FBtr0349618	97.110	865	24	1	546	1410	1933	2796	0.0	1458
FBtr0299916	FBtr0349618	96.137	466	0	12	81	546	1107	1554	0.0	745
FBtr0300245	FBtr0349618	95.632	7601	191	62	1789	9345	4132	11635	0.0	12067
FBtr0300245	FBtr0349618	96.630	1721	27	11	81	1801	1107	2796	0.0	2828
FBtr0300245	FBtr0349618	100.000	78	0	0	9358	9435	11616	11693	8.67e-35	145
FBtr0300542	FBtr0349618	96.987	4679	117	13	888	5562	4132	8790	0.0	7838
FBtr0300542	FBtr0349618	97.011	870	24	2	31	900	1929	2796	0.0	1461
FBtr0336693	FBtr0349618	95.023	5927	154	62	2346	8228	5806	11635	0.0	9180
FBtr0336693	FBtr0349618	97.110	865	24	1	546	1410	1933	2796	0.0	1458
FBtr0336693	FBtr0349618	97.464	828	21	0	1398	2225	4132	4959	0.0	1413
FBtr0336693	FBtr0349618	96.137	466	0	12	81	546	1107	1554	0.0	745
FBtr0336693	FBtr0349618	91.667	348	5	5	8241	8588	11616	11939	7.58e-130	460
FBtr0336693	FBtr0349618	100.000	117	0	0	2232	2348	4999	5115	1.81e-56	217
FBtr0086450	FBtr0355232	97.936	4845	69	6	1	4825	8	4841	0.0	8364
FBtr0086457	FBtr0355232	97.823	1608	20	1	1527	3134	1629	3221	0.0	2761
FBtr0086457	FBtr0355232	99.492	197	1	0	3247	3443	3238	3434	1.46e-99	359
FBtr0100390	FBtr0355232	98.573	3433	43	2	1	3433	8	3434	0.0	6063
FBtr0301503	FBtr0355232	97.281	1618	20	2	1724	3341	1628	3221	0.0	2723
FBtr0301503	FBtr0355232	96.592	1526	27	4	3342	4847	3321	4841	0.0	2507
FBtr0301504	FBtr0355232	98.745	1594	20	0	1724	3317	1628	3221	0.0	2833
FBtr0301504	FBtr0355232	99.405	168	1	0	3318	3485	3267	3434	1.56e-83	305
FBtr0301505	FBtr0355232	98.048	3433	43	3	1	3415	8	3434	0.0	5947
FBtr0301506	FBtr0355232	97.357	1816	21	2	1768	3565	1628	3434	0.0	3062
FBtr0330243	FBtr0355232	97.622	3448	43	4	1	3430	8	3434	0.0	5877
FBtr0330244	FBtr0355232	97.781	3244	42	4	1	3244	8	3221	0.0	5565
FBtr0330244	FBtr0355232	96.540	1532	28	4	3353	4864	3315	4841	0.0	2512
FBtr0330245	FBtr0355232	97.936	4845	69	6	1	4825	8	4841	0.0	8364
FBtr0100023	FBtr0361115	97.111	2250	37	10	816	3049	895	3132	0.0	3770
FBtr0100023	FBtr0361115	95.442	724	30	1	1	724	62	782	0.0	1151
FBtr0100022	FBtr0361115	96.743	1873	33	10	184	2040	1272	3132	0.0	3096
FBtr0332274	FBtr0361115	96.743	1873	33	10	566	2422	1272	3132	0.0	3096
FBtr0332274	FBtr0361115	94.876	566	26	1	1	566	62	624	0.0	881
FBtr0343016	FBtr0364727	95.050	202	4	1	1324	1519	2396	2195	3.58e-86	313
FBtr0333742	FBtr0350692	94.761	3646	161	5	2018	5660	1643	5261	0.0	5648
FBtr0333742	FBtr0350692	95.556	1485	51	7	430	1912	36	1507	0.0	2362
FBtr0333743	FBtr0350692	95.382	5284	232	5	2372	7650	1643	6919	0.0	8395
FBtr0333743	FBtr0350692	95.363	1488	51	8	781	2266	36	1507	0.0	2350
FBtr0333744	FBtr0350692	95.101	2674	110	4	133	2786	4247	6919	0.0	4193
FBtr0333745	FBtr0350692	95.199	3416	155	4	2369	5781	1643	5052	0.0	5391
FBtr0333745	FBtr0350692	95.556	1485	51	7	781	2263	36	1507	0.0	2362
FBtr0333745	FBtr0350692	97.170	212	6	0	5812	6023	5050	5261	2.08e-99	359
FBtr0303271	FBtr0350692	95.310	3625	161	4	2369	5990	1643	5261	0.0	5744
FBtr0303271	FBtr0350692	95.556	1485	51	7	781	2263	36	1507	0.0	2362
FBtr0303272	FBtr0350692	95.310	3625	161	4	1837	5458	1643	5261	0.0	5744
FBtr0303272	FBtr0350692	95.556	1485	51	7	249	1731	36	1507	0.0	2362
FBtr0303273	FBtr0350692	95.202	3418	155	4	1981	5395	1643	5054	0.0	5395
FBtr0303273	FBtr0350692	95.556	1485	51	7	393	1875	36	1507	0.0	2362
FBtr0303273	FBtr0350692	97.170	212	6	0	5631	5842	5050	5261	2.03e-99	359
FBtr0303274	FBtr0350692	96.158	1015	39	0	133	1147	4247	5261	0.0	1659
FBtr0303274	FBtr0350692	96.689	151	5	0	2615	2765	5261	5411	1.98e-67	252
FBtr0303275	FBtr0350692	94.747	2684	110	5	133	2796	4247	6919	0.0	4146
FBtr0303276	FBtr0350692	95.430	1510	66	3	1147	2654	5411	6919	0.0	2403
FBtr0303276	FBtr0350692	96.158	1015	39	0	133	1147	4247	5261	0.0	1659
FBtr0303277	FBtr0350692	95.310	3625	161	4	2369	5990	1643	5261	0.0	5744
FBtr0303277	FBtr0350692	95.430	1510	66	3	5990	7497	5411	6919	0.0	2403
FBtr0303277	FBtr0350692	95.556	1485	51	7	781	2263	36	1507	0.0	2362
FBtr0079574	FBtr0350490	96.000	50	2	0	556	605	50	1	6.18e-16	82.4
FBtr0301487	FBtr0361252	85.523	373	45	5	5152	5524	687	324	6.71e-106	381
FBtr0089582	FBtr0361252	85.523	373	45	5	5404	5776	687	324	6.87e-106	381
FBtr0089583	FBtr0361252	85.523	373	45	5	4963	5335	687	324	6.58e-106	381
FBtr0089581	FBtr0361252	85.523	373	45	5	5443	5815	687	324	6.89e-106	381
FBtr0335024	FBtr0361252	85.523	373	45	5	4669	5041	687	324	6.39e-106	381
FBtr0335025	FBtr0361252	85.523	373	45	5	4972	5344	687	324	6.59e-106	381
FBtr0330145	FBtr0357117	95.860	9131	283	35	1	9083	2	9085	0.0	14680
FBtr0330145	FBtr0357117	96.189	997	33	2	9228	10222	9230	10223	0.0	1626
FBtr0303748	FBtr0357117	97.054	1120	23	2	103	1216	140	1255	0.0	1877
FBtr0303749	FBtr0357117	95.406	6225	217	26	2472	8657	2891	9085	0.0	9847
FBtr0303749	FBtr0357117	97.017	2481	54	7	1	2472	2	2471	0.0	4154
FBtr0303749	FBtr0357117	96.189	997	33	2	8802	9796	9230	10223	0.0	1626
FBtr0303750	FBtr0357117	95.860	9131	283	35	1	9083	2	9085	0.0	14680
FBtr0303750	FBtr0357117	94.478	1847	63	22	9228	11068	9230	11043	0.0	2809
FBtr0303751	FBtr0357117	97.061	1259	26	3	1	1253	2	1255	0.0	2109
FBtr0303751	FBtr0357117	96.970	1221	28	4	1616	2833	1256	2470	0.0	2041
FBtr0333047	FBtr0357117	95.406	6225	217	26	2472	8657	2891	9085	0.0	9847
FBtr0333047	FBtr0357117	97.017	2481	54	7	1	2472	2	2471	0.0	4154
FBtr0333047	FBtr0357117	94.478	1847	63	22	8802	10642	9230	11043	0.0	2809
FBtr0452090	FBtr0349483	90.107	657	35	14	338	976	53	697	0.0	826
FBtr0433500	FBtr0352463	95.167	538	26	0	778	1315	1	538	0.0	850
FBtr0307021	FBtr0364394	96.288	4095	114	9	2783	6852	3209	7290	0.0	6685
FBtr0307021	FBtr0364394	93.036	2441	74	33	226	2620	813	3203	0.0	3478
FBtr0307021	FBtr0364394	93.616	1582	68	18	7023	8580	7365	8937	0.0	2331
FBtr0307022	FBtr0364394	96.042	2678	74	7	4244	6896	4620	7290	0.0	4329
FBtr0307022	FBtr0364394	94.358	2818	98	33	7067	9834	7365	10171	0.0	4266
FBtr0307022	FBtr0364394	93.125	2429	71	33	228	2610	825	3203	0.0	3472
FBtr0307022	FBtr0364394	96.756	1418	40	2	2773	4190	3209	4620	0.0	2359
FBtr0332390	FBtr0364394	95.551	2270	69	7	4566	6810	5028	7290	0.0	3603
FBtr0332390	FBtr0364394	93.036	2441	74	33	226	2620	813	3203	0.0	3478
FBtr0332390	FBtr0364394	93.653	1607	69	18	6981	8563	7365	8962	0.0	2372
FBtr0332390	FBtr0364394	96.756	1418	40	2	2783	4200	3209	4620	0.0	2359
FBtr0332390	FBtr0364394	97.297	333	6	3	4254	4584	4620	4951	1.83e-160	562
FBtr0345071	FBtr0364287	95.327	2718	85	21	4179	6869	3971	6673	0.0	4277
FBtr0345071	FBtr0364287	98.517	2023	30	0	2147	4169	1732	3754	0.0	3570
FBtr0345072	FBtr0364287	95.327	2718	85	21	4790	7480	3971	6673	0.0	4277
FBtr0345072	FBtr0364287	98.007	1104	22	0	3677	4780	2651	3754	0.0	1917
FBtr0345072	FBtr0364287	99.130	920	8	0	2674	3593	1732	2651	0.0	1655
FBtr0308308	FBtr0364287	95.463	2799	85	21	4664	7435	3890	6673	0.0	4427
FBtr0308308	FBtr0364287	98.483	1978	30	0	2674	4651	1777	3754	0.0	3487
FBtr0308309	FBtr0364287	95.463	2799	85	21	4709	7480	3890	6673	0.0	4427
FBtr0308309	FBtr0364287	98.517	2023	30	0	2674	4696	1732	3754	0.0	3570
FBtr0474149	FBtr0364287	95.327	2718	85	21	4179	6869	3971	6673	0.0	4277
FBtr0474149	FBtr0364287	98.517	2023	30	0	2147	4169	1732	3754	0.0	3570
FBtr0330203	FBtr0349819	96.752	2309	41	9	697	2988	1	2292	0.0	3818
FBtr0330204	FBtr0349819	96.752	2309	41	9	697	2988	1	2292	0.0	3818
FBtr0308895	FBtr0349819	96.752	2309	41	9	1835	4126	1	2292	0.0	3818
FBtr0273378	FBtr0349819	96.752	2309	41	9	697	2988	1	2292	0.0	3818
FBtr0330661	FBtr0349819	96.752	2309	41	9	697	2988	1	2292	0.0	3818
FBtr0475189	FBtr0358681	92.247	1019	68	7	98	1114	242	1251	0.0	1434
FBtr0072066	FBtr0357117	100.000	28	0	0	1408	1435	1191	1218	1.49e-07	52.8
FBtr0072067	FBtr0357117	100.000	28	0	0	1562	1589	1191	1218	1.58e-07	52.8
FBtr0072068	FBtr0357117	100.000	28	0	0	1575	1602	1191	1218	1.58e-07	52.8
FBtr0072069	FBtr0357117	100.000	28	0	0	1583	1610	1191	1218	1.59e-07	52.8
FBtr0072070	FBtr0357117	100.000	28	0	0	1627	1654	1191	1218	1.61e-07	52.8
FBtr0332926	FBtr0357117	100.000	28	0	0	1455	1482	1191	1218	1.51e-07	52.8
FBtr0072267	FBtr0362796	100.000	28	0	0	2406	2433	808	781	1.96e-07	52.8
FBtr0330610	FBtr0362796	100.000	28	0	0	2077	2104	808	781	1.77e-07	52.8
FBtr0330611	FBtr0362796	100.000	28	0	0	2084	2111	808	781	1.77e-07	52.8
FBtr0330612	FBtr0362796	100.000	28	0	0	2406	2433	808	781	1.96e-07	52.8
FBtr0113375	FBtr0354875	88.462	832	61	10	23	823	5	832	0.0	972
FBtr0113376	FBtr0354875	88.429	700	49	9	107	778	137	832	0.0	815
FBtr0113377	FBtr0354875	88.429	700	49	9	955	1626	137	832	0.0	815
FBtr0343511	FBtr0354875	88.429	700	49	9	188	859	137	832	0.0	815
FBtr0310380	FBtr0364308	91.304	391	11	5	1906	2286	1	378	5.22e-146	512
FBtr0310381	FBtr0364308	91.304	391	11	5	1951	2331	1	378	5.32e-146	512
FBtr0310382	FBtr0364308	91.304	391	11	5	1846	2226	1	378	5.09e-146	512
FBtr0310383	FBtr0364308	91.304	391	11	5	1891	2271	1	378	5.18e-146	512
FBtr0310384	FBtr0364308	91.304	391	11	5	1776	2156	1	378	4.69e-146	512
FBtr0310379	FBtr0364308	91.304	391	11	5	228	608	1	378	1.54e-146	512
FBtr0113895	FBtr0211867	94.929	493	21	4	1	491	97	587	0.0	769
FBtr0345179	FBtr0211867	95.215	418	17	3	1	417	172	587	0.0	658
FBtr0330385	FBtr0353192	96.488	1908	48	5	1	1905	11	1902	0.0	3134
FBtr0330385	FBtr0353192	93.607	610	26	3	2079	2688	2085	2681	0.0	898
FBtr0330386	FBtr0353192	96.488	1908	48	5	1	1905	11	1902	0.0	3134
FBtr0330386	FBtr0353192	93.607	610	26	3	2079	2688	2085	2681	0.0	898
FBtr0346339	FBtr0353192	96.488	1908	48	5	1	1905	11	1902	0.0	3134
FBtr0346339	FBtr0353192	94.020	1204	52	7	2079	3277	2085	3273	0.0	1807
FBtr0344828	FBtr0364615	96.256	2698	87	8	3962	6649	4019	6712	0.0	4410
FBtr0344828	FBtr0364615	95.760	2099	41	8	1900	3965	1738	3821	0.0	3339
FBtr0344828	FBtr0364615	94.526	1096	41	5	6822	7916	6873	7950	0.0	1674
FBtr0344828	FBtr0364615	96.063	889	20	3	148	1036	1	874	0.0	1434
FBtr0344828	FBtr0364615	91.237	776	17	9	1162	1901	1015	1775	0.0	1009
FBtr0344828	FBtr0364615	97.959	49	1	0	7918	7966	8030	8078	4.50e-17	86.1
FBtr0332932	FBtr0364615	95.918	4997	133	22	1900	6847	1738	6712	0.0	8032
FBtr0332932	FBtr0364615	92.231	1918	57	30	8116	10005	8030	9883	0.0	2632
FBtr0332932	FBtr0364615	94.526	1096	41	5	7020	8114	6873	7950	0.0	1674
FBtr0332932	FBtr0364615	96.063	889	20	3	148	1036	1	874	0.0	1434
FBtr0332932	FBtr0364615	91.237	776	17	9	1162	1901	1015	1775	0.0	1009
FBtr0332933	FBtr0364615	96.150	2701	87	9	3962	6652	4019	6712	0.0	4396
FBtr0332933	FBtr0364615	95.760	2099	41	8	1900	3965	1738	3821	0.0	3339
FBtr0332933	FBtr0364615	94.526	1096	41	5	6825	7919	6873	7950	0.0	1674
FBtr0332933	FBtr0364615	96.063	889	20	3	148	1036	1	874	0.0	1434
FBtr0332933	FBtr0364615	91.237	776	17	9	1162	1901	1015	1775	0.0	1009
FBtr0332933	FBtr0364615	97.959	49	1	0	7921	7969	8030	8078	4.50e-17	86.1
FBtr0333155	FBtr0357356	97.183	213	3	1	1	213	161	370	7.45e-99	357
FBtr0333337	FBtr0347625	97.413	2242	43	5	4241	6482	3008	5234	0.0	3805
FBtr0333337	FBtr0347625	94.919	1535	42	5	2553	4060	1428	2953	0.0	2370
FBtr0333337	FBtr0347625	96.709	1185	21	4	1162	2334	239	1417	0.0	1956
FBtr0333337	FBtr0347625	100.000	63	0	0	933	995	1	63	1.88e-26	117
FBtr0333338	FBtr0347625	97.279	2242	43	6	3275	5513	3008	5234	0.0	3786
FBtr0333338	FBtr0347625	94.919	1535	42	5	1587	3094	1428	2953	0.0	2370
FBtr0333338	FBtr0347625	99.080	435	4	0	934	1368	983	1417	0.0	782
FBtr0333339	FBtr0347625	97.279	2242	43	6	4232	6470	3008	5234	0.0	3786
FBtr0333339	FBtr0347625	94.919	1535	42	5	2544	4051	1428	2953	0.0	2370
FBtr0333339	FBtr0347625	96.709	1185	21	4	1153	2325	239	1417	0.0	1956
FBtr0333339	FBtr0347625	100.000	63	0	0	924	986	1	63	1.88e-26	117
FBtr0333340	FBtr0347625	97.413	2242	43	5	3451	5692	3008	5234	0.0	3805
FBtr0333340	FBtr0347625	94.919	1535	42	5	1763	3270	1428	2953	0.0	2370
FBtr0333340	FBtr0347625	99.080	435	4	0	1110	1544	983	1417	0.0	782
FBtr0333341	FBtr0347625	97.279	2242	43	6	3261	5499	3008	5234	0.0	3786
FBtr0333341	FBtr0347625	94.919	1535	42	5	1573	3080	1428	2953	0.0	2370
FBtr0333341	FBtr0347625	99.080	435	4	0	920	1354	983	1417	0.0	782
FBtr0333342	FBtr0347625	97.413	2242	43	5	3261	5502	3008	5234	0.0	3805
FBtr0333342	FBtr0347625	94.919	1535	42	5	1573	3080	1428	2953	0.0	2370
FBtr0333342	FBtr0347625	99.080	435	4	0	920	1354	983	1417	0.0	782
FBtr0333343	FBtr0347625	97.413	2242	43	5	3261	5502	3008	5234	0.0	3805
FBtr0333343	FBtr0347625	94.919	1535	42	5	1573	3080	1428	2953	0.0	2370
FBtr0333343	FBtr0347625	99.080	435	4	0	920	1354	983	1417	0.0	782
FBtr0333344	FBtr0347625	97.413	2242	43	5	4858	7099	3008	5234	0.0	3805
FBtr0333344	FBtr0347625	94.919	1535	42	5	3170	4677	1428	2953	0.0	2370
FBtr0333344	FBtr0347625	96.709	1185	21	4	1779	2951	239	1417	0.0	1956
FBtr0333344	FBtr0347625	100.000	63	0	0	1550	1612	1	63	2.00e-26	117
FBtr0333345	FBtr0347625	97.413	2242	43	5	4912	7153	3008	5234	0.0	3805
FBtr0333345	FBtr0347625	94.919	1535	42	5	3224	4731	1428	2953	0.0	2370
FBtr0333345	FBtr0347625	96.709	1185	21	4	1833	3005	239	1417	0.0	1956
FBtr0333345	FBtr0347625	100.000	63	0	0	1604	1666	1	63	2.51e-26	117
FBtr0334137	FBtr0357042	100.000	30	0	0	408	437	1770	1741	2.02e-08	56.5
FBtr0299550	FBtr0351098	96.884	6001	156	9	15	5990	1	5995	0.0	10017
FBtr0299549	FBtr0351098	96.592	4284	116	10	2718	6976	2702	6980	0.0	7075
FBtr0299549	FBtr0351098	97.623	2440	51	3	15	2453	1	2434	0.0	4178
FBtr0299549	FBtr0351098	92.903	155	11	0	7073	7227	7013	7167	2.83e-59	226
FBtr0299548	FBtr0351098	96.084	3294	105	6	2718	5987	2702	5995	0.0	5347
FBtr0299548	FBtr0351098	97.623	2440	51	3	15	2453	1	2434	0.0	4178
FBtr0299552	FBtr0351098	95.011	3167	107	19	2718	5833	2702	5868	0.0	4926
FBtr0299552	FBtr0351098	97.623	2440	51	3	15	2453	1	2434	0.0	4178
FBtr0299552	FBtr0351098	98.425	127	2	0	5936	6062	5869	5995	7.19e-59	224
FBtr0299546	FBtr0351098	97.546	2160	46	3	15	2173	1	2154	0.0	3688
FBtr0302124	FBtr0351098	96.539	3294	105	5	2718	6002	2702	5995	0.0	5443
FBtr0302124	FBtr0351098	97.623	2440	51	3	15	2453	1	2434	0.0	4178
FBtr0299551	FBtr0351098	95.990	3167	103	6	2718	5860	2702	5868	0.0	5123
FBtr0299551	FBtr0351098	97.623	2440	51	3	15	2453	1	2434	0.0	4178
FBtr0299551	FBtr0351098	98.299	1117	13	4	5963	7078	5869	6980	0.0	1953
FBtr0299551	FBtr0351098	92.903	155	11	0	7175	7329	7013	7167	3.21e-59	226
FBtr0299547	FBtr0351098	97.623	2440	51	3	15	2453	1	2434	0.0	4178
FBtr0302123	FBtr0351098	97.134	6001	156	8	15	6005	1	5995	0.0	10115
FBtr0302123	FBtr0351098	100.000	125	0	0	6333	6457	5996	6120	4.42e-61	231
FBtr0330335	FBtr0351098	97.297	6991	167	12	15	6994	1	6980	0.0	11843
FBtr0330335	FBtr0351098	92.903	155	11	0	7091	7245	7013	7167	2.83e-59	226
FBtr0330336	FBtr0351098	96.312	4284	116	10	2718	6964	2702	6980	0.0	6998
FBtr0330336	FBtr0351098	97.623	2440	51	3	15	2453	1	2434	0.0	4178
FBtr0330336	FBtr0351098	92.903	155	11	0	7061	7215	7013	7167	2.82e-59	226
FBtr0330337	FBtr0351098	97.297	6991	167	12	15	6994	1	6980	0.0	11843
FBtr0330337	FBtr0351098	92.903	155	11	0	7091	7245	7013	7167	2.83e-59	226
FBtr0339133	FBtr0351098	96.931	6093	156	9	15	6082	1	6087	0.0	10187
FBtr0339134	FBtr0351098	96.190	3386	105	6	2718	6079	2702	6087	0.0	5517
FBtr0339134	FBtr0351098	97.623	2440	51	3	15	2453	1	2434	0.0	4178
FBtr0346856	FBtr0351098	97.297	6991	167	12	15	6994	1	6980	0.0	11843
FBtr0346856	FBtr0351098	92.903	155	11	0	7091	7245	7013	7167	2.83e-59	226
FBtr0086736	FBtr0211251	98.379	1419	23	0	256	1674	175	1593	0.0	2494
FBtr0086736	FBtr0211251	98.244	1367	15	5	1767	3127	1752	3115	0.0	2383
FBtr0086740	FBtr0211251	97.532	1702	24	8	1554	3242	1752	3448	0.0	2894
FBtr0086740	FBtr0211251	98.379	1419	23	0	43	1461	175	1593	0.0	2494
FBtr0086738	FBtr0211251	98.370	1595	24	1	3	1597	1	1593	0.0	2800
FBtr0086738	FBtr0211251	98.255	745	10	2	1690	2433	1752	2494	0.0	1301
FBtr0339659	FBtr0363876	89.676	494	37	11	160	648	42	526	2.85e-178	617
FBtr0339661	FBtr0363876	89.387	424	29	12	285	703	224	636	1.44e-148	520
FBtr0339661	FBtr0363876	94.615	130	7	0	160	289	42	171	5.92e-53	202
FBtr0339704	FBtr0216669	84.279	617	74	12	1	595	161	776	3.42e-167	580
FBtr0340350	FBtr0358049	95.465	5447	154	37	1444	6865	1170	6548	0.0	8604
FBtr0340350	FBtr0358049	97.586	787	19	0	290	1076	1	787	0.0	1349
FBtr0340350	FBtr0358049	98.739	238	3	0	1143	1380	893	1130	9.48e-119	424
FBtr0340351	FBtr0358049	95.355	5447	154	38	1668	7083	1170	6548	0.0	8565
FBtr0340351	FBtr0358049	97.185	675	19	0	626	1300	113	787	0.0	1142
FBtr0340351	FBtr0358049	98.739	238	3	0	1367	1604	893	1130	9.71e-119	424
FBtr0340352	FBtr0358049	94.200	2793	89	26	3650	6421	3808	6548	0.0	4193
FBtr0340352	FBtr0358049	97.103	2209	59	3	1444	3651	1170	3374	0.0	3720
FBtr0340352	FBtr0358049	97.586	787	19	0	290	1076	1	787	0.0	1349
FBtr0340352	FBtr0358049	98.739	238	3	0	1143	1380	893	1130	9.02e-119	424
FBtr0340353	FBtr0358049	94.415	2793	89	25	3874	6651	3808	6548	0.0	4231
FBtr0340353	FBtr0358049	97.103	2209	59	3	1668	3875	1170	3374	0.0	3720
FBtr0340353	FBtr0358049	97.185	675	19	0	626	1300	113	787	0.0	1142
FBtr0340353	FBtr0358049	98.739	238	3	0	1367	1604	893	1130	9.26e-119	424
FBtr0340354	FBtr0358049	94.415	2793	89	25	3650	6427	3808	6548	0.0	4231
FBtr0340354	FBtr0358049	97.103	2209	59	3	1444	3651	1170	3374	0.0	3720
FBtr0340354	FBtr0358049	97.586	787	19	0	290	1076	1	787	0.0	1349
FBtr0340354	FBtr0358049	98.739	238	3	0	1143	1380	893	1130	9.03e-119	424
FBtr0340355	FBtr0358049	95.423	4828	133	34	474	5277	1785	6548	0.0	7611
FBtr0083392	FBtr0351798	96.231	1804	50	3	1	1786	3	1806	0.0	2939
FBtr0339155	FBtr0351798	96.231	1804	50	3	1	1786	3	1806	0.0	2939
FBtr0344647	FBtr0361659	95.105	5455	131	38	8177	13566	8244	13627	0.0	8469
FBtr0344647	FBtr0361659	95.897	5191	146	15	2128	7274	1949	7116	0.0	8344
FBtr0344647	FBtr0361659	96.008	1929	42	9	132	2047	1	1907	0.0	3103
FBtr0344647	FBtr0361659	94.484	852	29	6	7332	8180	7243	8079	0.0	1297
FBtr0344647	FBtr0361659	100.000	34	0	0	7312	7345	7208	7241	4.23e-10	63.9
FBtr0344648	FBtr0361659	95.105	5455	131	38	6941	12330	8244	13627	0.0	8469
FBtr0344648	FBtr0361659	97.230	4585	127	0	2250	6834	2374	6958	0.0	7764
FBtr0344648	FBtr0361659	95.939	1822	39	9	444	2252	1	1800	0.0	2922
FBtr0344648	FBtr0361659	98.198	111	2	0	6834	6944	7969	8079	1.33e-49	195
FBtr0344649	FBtr0361659	95.271	5730	135	38	7455	13119	7969	13627	0.0	8955
FBtr0344649	FBtr0361659	96.461	5030	144	13	2440	7455	1949	6958	0.0	8272
FBtr0344649	FBtr0361659	96.008	1929	42	9	444	2359	1	1907	0.0	3103
FBtr0344650	FBtr0361659	95.865	5030	144	14	2440	7425	1949	6958	0.0	8078
FBtr0344650	FBtr0361659	96.791	3926	90	9	7532	11424	8244	12166	0.0	6519
FBtr0344650	FBtr0361659	96.008	1929	42	9	444	2359	1	1907	0.0	3103
FBtr0344650	FBtr0361659	98.198	111	2	0	7425	7535	7969	8079	1.03e-49	195
FBtr0344651	FBtr0361659	95.105	5455	131	38	11549	16938	8244	13627	0.0	8469
FBtr0344651	FBtr0361659	95.865	5030	144	14	6457	11442	1949	6958	0.0	8078
FBtr0344651	FBtr0361659	97.324	1121	28	2	5256	6376	789	1907	0.0	1903
FBtr0344651	FBtr0361659	94.002	817	14	9	444	1247	1	795	0.0	1205
FBtr0344651	FBtr0361659	98.198	111	2	0	11442	11552	7969	8079	1.74e-49	195
FBtr0344652	FBtr0361659	95.117	6471	162	44	7674	14076	7243	13627	0.0	10057
FBtr0344652	FBtr0361659	96.475	5191	146	14	2440	7616	1949	7116	0.0	8538
FBtr0344652	FBtr0361659	96.008	1929	42	9	444	2359	1	1907	0.0	3103
FBtr0344652	FBtr0361659	100.000	34	0	0	7654	7687	7208	7241	4.37e-10	63.9
FBtr0344668	FBtr0361659	95.105	5455	131	38	8272	13661	8244	13627	0.0	8469
FBtr0344668	FBtr0361659	96.576	4585	127	1	3611	8165	2374	6958	0.0	7570
FBtr0344668	FBtr0361659	97.337	1014	25	2	2600	3613	789	1800	0.0	1722
FBtr0344668	FBtr0361659	98.198	111	2	0	8165	8275	7969	8079	1.45e-49	195
FBtr0070648	FBtr0350845	93.768	1059	63	2	1185	2241	1163	2220	0.0	1587
FBtr0070648	FBtr0350845	90.495	505	42	2	374	872	355	859	0.0	662
FBtr0070648	FBtr0350845	87.421	159	20	0	101	259	151	309	4.35e-47	183
FBtr0340200	FBtr0350845	93.768	1059	63	2	1181	2237	1163	2220	0.0	1587
FBtr0340200	FBtr0350845	90.495	505	42	2	370	868	355	859	0.0	662
FBtr0340200	FBtr0350845	87.421	159	20	0	97	255	151	309	4.34e-47	183
FBtr0074074	FBtr0360229	91.286	1664	119	16	657	2300	664	2321	0.0	2246
FBtr0074074	FBtr0360229	91.867	541	41	1	1	538	29	569	0.0	752
FBtr0452098	FBtr0356140	93.860	456	19	6	318	773	1	447	0.0	678
FBtr0452138	FBtr0349094	96.809	11938	231	59	1293	13162	1	11856	0.0	19797
FBtr0452139	FBtr0349094	99.072	2370	22	0	3149	5518	1881	4250	0.0	4255
FBtr0452139	FBtr0349094	98.023	1922	32	2	5542	7463	4247	6162	0.0	3334
FBtr0452139	FBtr0349094	96.436	1880	31	2	1248	3091	1	1880	0.0	3068
FBtr0086766	FBtr0347922	98.194	2769	48	2	200	2967	761	3528	0.0	4835
FBtr0301547	FBtr0347922	97.007	6648	172	12	2384	9027	761	7385	0.0	11149
FBtr0301547	FBtr0347922	98.180	1264	17	3	9134	10397	7477	8734	0.0	2202
FBtr0301547	FBtr0347922	97.758	446	8	2	1352	1797	1	444	0.0	767
FBtr0301547	FBtr0347922	98.125	320	3	1	1903	2219	445	764	3.72e-158	555
FBtr0301548	FBtr0347922	98.194	2769	48	2	2279	5046	761	3528	0.0	4835
FBtr0301548	FBtr0347922	97.911	766	11	3	1352	2114	1	764	0.0	1321
FBtr0301549	FBtr0347922	98.131	3531	59	5	1352	4878	1	3528	0.0	6148
FBtr0301550	FBtr0347922	97.099	7410	183	15	270	7672	1	7385	0.0	12464
FBtr0301550	FBtr0347922	96.974	1388	25	7	7779	9166	7477	8847	0.0	2314
FBtr0301551	FBtr0347922	97.007	6648	172	12	200	6843	761	7385	0.0	11149
FBtr0301551	FBtr0347922	98.134	1179	16	3	6950	8128	7477	8649	0.0	2050
FBtr0329997	FBtr0347922	97.099	7410	183	15	1352	8754	1	7385	0.0	12464
FBtr0329997	FBtr0347922	98.134	1179	16	3	8861	10039	7477	8649	0.0	2050
FBtr0474097	FBtr0350316	93.361	241	11	4	380	618	11	248	3.08e-98	351
FBtr0299845	FBtr0356232	96.052	5319	150	18	9	5297	1	5289	0.0	8604
FBtr0299845	FBtr0356232	97.275	1578	42	1	5300	6877	5409	6985	0.0	2675
FBtr0299846	FBtr0356232	96.561	5409	158	13	874	6273	1596	6985	0.0	8933
FBtr0299847	FBtr0356232	96.202	3712	114	12	874	4576	1596	5289	0.0	6048
FBtr0299847	FBtr0356232	97.275	1578	42	1	4579	6156	5409	6985	0.0	2675
FBtr0300527	FBtr0356232	96.365	7016	194	19	9	6994	1	6985	0.0	11487
FBtr0301766	FBtr0356232	95.995	5319	150	19	9	5294	1	5289	0.0	8584
FBtr0301766	FBtr0356232	97.275	1578	42	1	5297	6874	5409	6985	0.0	2675
FBtr0339381	FBtr0356232	96.599	7086	189	23	205	7275	1595	8643	0.0	11703
FBtr0339382	FBtr0356232	95.995	5319	150	19	9	5294	1	5289	0.0	8584
FBtr0339382	FBtr0356232	96.507	916	32	0	5297	6212	5409	6324	0.0	1515
FBtr0339382	FBtr0356232	98.338	662	10	1	6241	6902	6325	6985	0.0	1160
FBtr0479943	FBtr0364304	96.284	3229	100	7	990	4215	437	3648	0.0	5280
FBtr0479943	FBtr0364304	97.500	1000	18	3	4283	5279	3766	4761	0.0	1701
FBtr0479943	FBtr0364304	96.110	437	15	2	1	436	2	437	0.0	712
FBtr0072398	FBtr0356641	92.034	590	24	3	5427	6016	48	614	0.0	808
FBtr0072398	FBtr0356641	97.872	47	1	0	5345	5391	1	47	4.96e-16	82.4
FBtr0072398	FBtr0347747	94.604	278	15	0	5560	5837	313	590	4.28e-121	431
FBtr0072398	FBtr0347747	85.714	301	13	6	5258	5534	26	320	7.57e-79	291
FBtr0072399	FBtr0356641	92.034	590	24	3	5491	6080	48	614	0.0	808
FBtr0072399	FBtr0356641	97.872	47	1	0	5409	5455	1	47	4.73e-16	82.4
FBtr0072399	FBtr0347747	94.604	278	15	0	5624	5901	313	590	4.08e-121	431
FBtr0072399	FBtr0347747	85.714	301	13	6	5322	5598	26	320	7.22e-79	291
FBtr0100466	FBtr0356641	92.034	590	24	3	5307	5896	48	614	0.0	808
FBtr0100466	FBtr0356641	97.872	47	1	0	5225	5271	1	47	4.60e-16	82.4
FBtr0100466	FBtr0347747	94.604	278	15	0	5440	5717	313	590	3.96e-121	431
FBtr0100466	FBtr0347747	85.714	301	13	6	5138	5414	26	320	7.02e-79	291
FBtr0100467	FBtr0356641	92.034	590	24	3	5371	5960	48	614	0.0	808
FBtr0100467	FBtr0356641	97.872	47	1	0	5289	5335	1	47	4.64e-16	82.4
FBtr0100467	FBtr0347747	94.604	278	15	0	5504	5781	313	590	4.00e-121	431
FBtr0100467	FBtr0347747	85.714	301	13	6	5202	5478	26	320	7.09e-79	291
FBtr0302572	FBtr0356641	92.034	590	24	3	5334	5923	48	614	0.0	808
FBtr0302572	FBtr0356641	97.872	47	1	0	5252	5298	1	47	4.62e-16	82.4
FBtr0302572	FBtr0347747	94.604	278	15	0	5467	5744	313	590	3.98e-121	431
FBtr0302572	FBtr0347747	85.714	301	13	6	5165	5441	26	320	7.05e-79	291
FBtr0302573	FBtr0356641	92.034	590	24	3	5331	5920	48	614	0.0	808
FBtr0302573	FBtr0356641	97.872	47	1	0	5249	5295	1	47	4.62e-16	82.4
FBtr0302573	FBtr0347747	94.604	278	15	0	5464	5741	313	590	3.98e-121	431
FBtr0302573	FBtr0347747	85.714	301	13	6	5162	5438	26	320	7.04e-79	291
FBtr0302574	FBtr0356641	92.034	590	24	3	5328	5917	48	614	0.0	808
FBtr0302574	FBtr0356641	97.872	47	1	0	5246	5292	1	47	4.61e-16	82.4
FBtr0302574	FBtr0347747	94.604	278	15	0	5461	5738	313	590	3.98e-121	431
FBtr0302574	FBtr0347747	85.714	301	13	6	5159	5435	26	320	7.04e-79	291
FBtr0302575	FBtr0356641	92.034	590	24	3	5331	5920	48	614	0.0	808
FBtr0302575	FBtr0356641	97.872	47	1	0	5249	5295	1	47	4.71e-16	82.4
FBtr0302575	FBtr0347747	94.604	278	15	0	5464	5741	313	590	4.06e-121	431
FBtr0302575	FBtr0347747	85.714	301	13	6	5162	5438	26	320	7.19e-79	291
FBtr0306576	FBtr0356641	92.034	590	24	3	5395	5984	48	614	0.0	808
FBtr0306576	FBtr0356641	97.872	47	1	0	5313	5359	1	47	4.66e-16	82.4
FBtr0306576	FBtr0347747	94.604	278	15	0	5528	5805	313	590	4.02e-121	431
FBtr0306576	FBtr0347747	85.714	301	13	6	5226	5502	26	320	7.12e-79	291
FBtr0072747	FBtr0359086	97.059	34	0	1	215	248	1021	1053	3.69e-08	56.5
FBtr0303993	FBtr0359086	97.059	34	0	1	215	248	1021	1053	3.58e-08	56.5
FBtr0333359	FBtr0359086	97.059	34	0	1	215	248	1021	1053	3.78e-08	56.5
FBtr0113138	FBtr0364194	93.363	226	11	3	5	227	22	246	1.72e-91	331
FBtr0306095	FBtr0364194	93.363	226	11	3	5	227	22	246	1.69e-91	331
FBtr0073380	FBtr0355998	94.548	3283	127	17	1	3258	6	3261	0.0	5024
FBtr0073380	FBtr0355998	90.960	177	13	3	3187	3363	3122	3295	1.78e-62	235
FBtr0073381	FBtr0347677	93.725	3506	127	24	7	3465	1	3460	0.0	5169
FBtr0073381	FBtr0347677	92.945	893	41	12	3572	4449	3561	4446	0.0	1280
FBtr0332961	FBtr0347677	93.725	3506	127	24	7	3465	1	3460	0.0	5169
FBtr0332961	FBtr0347677	90.854	1968	82	37	3572	5520	3561	5449	0.0	2547
FBtr0479742	FBtr0347677	94.191	2238	82	17	1450	3660	1244	3460	0.0	3369
FBtr0479742	FBtr0347677	92.790	1276	47	12	7	1262	1	1251	0.0	1805
FBtr0479742	FBtr0347677	92.945	893	41	12	3767	4644	3561	4446	0.0	1280
FBtr0073656	FBtr0348268	92.105	722	28	7	1	714	88	788	0.0	990
FBtr0073656	FBtr0348268	96.450	507	17	1	953	1458	1015	1521	0.0	835
FBtr0073692	FBtr0365143	93.718	987	43	1	532	1518	450	1417	0.0	1461
FBtr0073692	FBtr0365143	96.859	382	10	2	120	499	1	382	0.0	638
FBtr0346316	FBtr0365143	93.068	1082	46	5	426	1497	450	1512	0.0	1555
FBtr0346316	FBtr0365143	96.859	382	10	2	14	393	1	382	0.0	638
FBtr0343649	FBtr0365143	93.718	987	43	1	426	1412	450	1417	0.0	1461
FBtr0343649	FBtr0365143	96.859	382	10	2	14	393	1	382	0.0	638
FBtr0073788	FBtr0360331	86.024	415	40	8	1	404	529	936	2.28e-121	429
FBtr0073808	FBtr0362796	95.754	1884	64	8	2007	3875	958	2840	0.0	3022
FBtr0073808	FBtr0362796	96.285	969	22	7	425	1385	1	963	0.0	1578
FBtr0112980	FBtr0362796	95.754	1884	64	8	1788	3656	958	2840	0.0	3022
FBtr0112980	FBtr0362796	96.858	541	11	2	626	1166	429	963	0.0	900
FBtr0340396	FBtr0362796	96.813	1977	49	8	425	2393	1	1971	0.0	3290
FBtr0340396	FBtr0362796	94.030	871	36	8	2931	3786	1971	2840	0.0	1306
FBtr0301449	FBtr0362796	96.031	2419	74	11	626	3029	429	2840	0.0	3916
FBtr0301450	FBtr0362796	95.961	2847	85	16	425	3248	1	2840	0.0	4593
FBtr0301451	FBtr0362796	97.159	1549	38	3	626	2174	429	1971	0.0	2612
FBtr0301451	FBtr0362796	94.037	872	36	8	4805	5661	1970	2840	0.0	1308
FBtr0345127	FBtr0362796	96.031	2419	74	11	651	3054	429	2840	0.0	3916
FBtr0073914	FBtr0217080	91.753	291	18	2	490	777	468	755	1.69e-112	399
FBtr0073914	FBtr0217080	87.622	307	30	5	659	965	749	1047	1.72e-97	350
FBtr0073914	FBtr0352831	90.068	292	21	4	490	777	426	713	3.68e-104	372
FBtr0073914	FBtr0352831	87.296	307	31	5	659	965	707	1005	8.02e-96	344
FBtr0073914	FBtr0352831	83.422	187	25	3	76	259	120	303	5.18e-43	169
FBtr0073915	FBtr0217080	93.471	291	16	1	532	822	468	755	2.25e-121	429
FBtr0073915	FBtr0217080	88.742	302	26	5	704	1005	749	1042	2.32e-101	363
FBtr0073915	FBtr0217080	80.789	380	66	6	61	438	96	470	1.11e-79	291
FBtr0073915	FBtr0352831	91.065	291	23	1	532	822	426	713	1.06e-109	390
FBtr0073915	FBtr0352831	88.411	302	27	5	704	1005	707	1000	1.08e-99	357
FBtr0073916	FBtr0365315	94.255	2698	84	26	933	3578	919	3597	0.0	4058
FBtr0073916	FBtr0365315	94.183	808	24	4	1	808	31	815	0.0	1210
FBtr0073918	FBtr0217080	90.722	291	21	2	490	777	468	755	1.70e-107	383
FBtr0073918	FBtr0217080	87.296	307	31	5	659	965	749	1047	8.02e-96	344
FBtr0073918	FBtr0352831	89.041	292	24	4	490	777	426	713	3.71e-99	355
FBtr0073918	FBtr0352831	86.971	307	32	5	659	965	707	1005	3.73e-94	339
FBtr0073918	FBtr0352831	83.422	187	25	3	76	259	120	303	5.18e-43	169
FBtr0073919	FBtr0217080	86.709	316	34	5	581	896	749	1056	7.51e-96	344
FBtr0073919	FBtr0217080	91.053	190	14	1	510	699	569	755	1.30e-68	254
FBtr0073919	FBtr0352831	86.306	314	35	5	581	894	707	1012	4.52e-93	335
FBtr0073919	FBtr0352831	91.228	171	12	1	529	699	546	713	2.19e-61	230
FBtr0073974	FBtr0354103	94.803	2482	100	12	1	2458	3	2479	0.0	3842
FBtr0074103	FBtr0350633	83.901	1615	212	28	752	2363	946	2515	0.0	1498
FBtr0074278	FBtr0364727	97.030	1414	38	2	773	2186	827	2236	0.0	2375
FBtr0074278	FBtr0364727	91.460	644	39	13	2	639	54	687	0.0	870
FBtr0343349	FBtr0364727	96.752	1570	41	3	653	2216	827	2392	0.0	2608
FBtr0343349	FBtr0364727	93.321	524	23	9	1	519	171	687	0.0	763
FBtr0074349	FBtr0359086	96.025	2767	82	10	2162	4913	2376	5129	0.0	4475
FBtr0074349	FBtr0359086	95.385	845	39	0	1089	1933	1333	2177	0.0	1345
FBtr0074349	FBtr0359086	94.136	648	17	7	108	752	704	1333	0.0	966
FBtr0300431	FBtr0359086	96.025	2767	82	10	2698	5449	2376	5129	0.0	4475
FBtr0300431	FBtr0359086	94.208	1951	67	23	524	2469	268	2177	0.0	2935
FBtr0331739	FBtr0359086	96.025	2767	82	10	2463	5214	2376	5129	0.0	4475
FBtr0331739	FBtr0359086	94.295	2226	73	27	14	2234	1	2177	0.0	3358
FBtr0074806	FBtr0355891	80.600	500	76	11	73	570	1327	1807	1.25e-102	366
FBtr0074881	FBtr0353619	92.670	2251	106	19	1	2217	8	2233	0.0	3188
FBtr0074881	FBtr0353619	96.739	92	3	0	2229	2320	2289	2380	3.52e-38	154
FBtr0075101	FBtr0360079	94.617	483	26	0	63	545	300	782	0.0	749
FBtr0075101	FBtr0360079	96.542	347	12	0	871	1217	1117	1463	3.83e-165	575
FBtr0075112	FBtr0360079	94.650	486	23	1	123	608	300	782	0.0	750
FBtr0075112	FBtr0360079	96.542	347	12	0	934	1280	1117	1463	4.00e-165	575
FBtr0075215	FBtr0347808	83.871	2387	360	15	33	2408	23	2395	0.0	2252
FBtr0075215	FBtr0347808	87.719	114	14	0	2295	2408	2495	2608	9.29e-32	134
FBtr0344911	FBtr0347808	83.787	2387	359	17	33	2405	23	2395	0.0	2239
FBtr0344911	FBtr0347808	87.719	114	14	0	2292	2405	2495	2608	9.29e-32	134
FBtr0331845	FBtr0347808	84.281	2322	346	14	163	2476	85	2395	0.0	2248
FBtr0331845	FBtr0347808	87.719	114	14	0	2363	2476	2495	2608	9.43e-32	134
FBtr0347064	FBtr0347808	84.281	2322	346	14	760	3073	85	2395	0.0	2248
FBtr0347064	FBtr0347808	87.719	114	14	0	2960	3073	2495	2608	1.06e-31	134
FBtr0075274	FBtr0353866	98.113	53	1	0	3623	3675	2397	2345	1.24e-19	93.5
FBtr0075291	FBtr0353866	95.702	1233	46	2	1	1233	16	1241	0.0	1977
FBtr0075291	FBtr0353866	94.731	949	43	3	1302	2244	1319	2266	0.0	1469
FBtr0075357	FBtr0356447	96.957	3286	93	2	2720	6005	2824	6102	0.0	5507
FBtr0075357	FBtr0356447	96.905	1583	49	0	1073	2655	1162	2744	0.0	2652
FBtr0075357	FBtr0356447	97.689	1082	16	4	1	1073	27	1108	0.0	1851
FBtr0112790	FBtr0356447	96.785	3826	106	7	2774	6594	2824	6637	0.0	6368
FBtr0112790	FBtr0356447	97.277	2718	65	4	1	2709	27	2744	0.0	4601
FBtr0112790	FBtr0356447	95.197	687	18	10	11865	12543	6633	7312	0.0	1072
FBtr0330130	FBtr0356447	96.764	2905	87	3	3356	6260	3205	6102	0.0	4837
FBtr0330130	FBtr0356447	96.905	1583	49	0	1073	2655	1162	2744	0.0	2652
FBtr0330130	FBtr0356447	97.689	1082	16	4	1	1073	27	1108	0.0	1851
FBtr0330130	FBtr0356447	98.433	383	6	0	2720	3102	2824	3206	0.0	675
FBtr0330131	FBtr0356447	97.277	2718	65	4	1	2709	27	2744	0.0	4601
FBtr0330131	FBtr0356447	96.339	1639	54	1	3410	5048	3205	4837	0.0	2689
FBtr0330131	FBtr0356447	97.394	921	23	1	5046	5966	5183	6102	0.0	1567
FBtr0330131	FBtr0356447	98.433	383	6	0	2774	3156	2824	3206	0.0	675
FBtr0330132	FBtr0356447	96.339	1639	54	1	3356	4994	3205	4837	0.0	2689
FBtr0330132	FBtr0356447	96.905	1583	49	0	1073	2655	1162	2744	0.0	2652
FBtr0330132	FBtr0356447	97.689	1082	16	4	1	1073	27	1108	0.0	1851
FBtr0330132	FBtr0356447	97.394	921	23	1	4992	5912	5183	6102	0.0	1567
FBtr0330132	FBtr0356447	98.433	383	6	0	2720	3102	2824	3206	0.0	675
FBtr0330133	FBtr0356447	96.764	2905	87	3	3410	6314	3205	6102	0.0	4837
FBtr0330133	FBtr0356447	97.277	2718	65	4	1	2709	27	2744	0.0	4601
FBtr0330133	FBtr0356447	98.433	383	6	0	2774	3156	2824	3206	0.0	675
FBtr0330134	FBtr0356447	97.277	2718	65	4	1	2709	27	2744	0.0	4601
FBtr0330134	FBtr0356447	96.733	2020	60	1	2774	4793	2824	4837	0.0	3360
FBtr0330134	FBtr0356447	97.394	921	23	1	4791	5711	5183	6102	0.0	1567
FBtr0330135	FBtr0356447	96.733	2020	60	1	2720	4739	2824	4837	0.0	3360
FBtr0330135	FBtr0356447	96.905	1583	49	0	1073	2655	1162	2744	0.0	2652
FBtr0330135	FBtr0356447	97.689	1082	16	4	1	1073	27	1108	0.0	1851
FBtr0330135	FBtr0356447	97.394	921	23	1	4737	5657	5183	6102	0.0	1567
FBtr0330136	FBtr0356447	96.957	3286	93	2	2774	6059	2824	6102	0.0	5507
FBtr0330136	FBtr0356447	97.277	2718	65	4	1	2709	27	2744	0.0	4601
FBtr0345369	FBtr0356447	96.785	3826	106	7	2720	6540	2824	6637	0.0	6368
FBtr0345369	FBtr0356447	96.905	1583	49	0	1073	2655	1162	2744	0.0	2652
FBtr0345369	FBtr0356447	97.689	1082	16	4	1	1073	27	1108	0.0	1851
FBtr0345369	FBtr0356447	95.197	687	18	10	11811	12489	6633	7312	0.0	1072
FBtr0075768	FBtr0357117	100.000	28	0	0	6268	6295	1200	1227	7.26e-07	52.8
FBtr0333050	FBtr0357117	100.000	28	0	0	6346	6373	1200	1227	7.30e-07	52.8
FBtr0075832	FBtr0364647	95.992	4017	113	20	236	4239	1	3982	0.0	6482
FBtr0075833	FBtr0364647	96.074	3490	97	17	547	4026	523	3982	0.0	5650
FBtr0075833	FBtr0364647	94.921	315	11	2	236	550	1	310	1.70e-138	488
FBtr0305480	FBtr0364647	95.992	4017	113	20	236	4239	1	3982	0.0	6482
FBtr0346864	FBtr0364647	95.992	4017	113	20	236	4239	1	3982	0.0	6482
FBtr0076140	FBtr0354524	94.815	540	28	0	1	540	441	980	0.0	843
FBtr0076140	FBtr0354524	92.500	160	12	0	621	780	821	980	2.35e-60	230
FBtr0076140	FBtr0354524	92.500	160	12	0	861	1020	821	980	2.35e-60	230
FBtr0076140	FBtr0354524	92.500	160	12	0	1101	1260	821	980	2.35e-60	230
FBtr0076140	FBtr0354524	92.500	160	12	0	1341	1500	821	980	2.35e-60	230
FBtr0076140	FBtr0354524	92.500	160	12	0	4941	5100	821	980	2.35e-60	230
FBtr0076140	FBtr0354524	92.500	160	12	0	5181	5340	821	980	2.35e-60	230
FBtr0076140	FBtr0354524	91.875	160	13	0	1581	1740	821	980	1.09e-58	224
FBtr0076140	FBtr0354524	91.875	160	13	0	2061	2220	821	980	1.09e-58	224
FBtr0076140	FBtr0354524	91.875	160	13	0	2541	2700	821	980	1.09e-58	224
FBtr0076140	FBtr0354524	91.875	160	13	0	3501	3660	821	980	1.09e-58	224
FBtr0076140	FBtr0354524	91.875	160	13	0	4461	4620	821	980	1.09e-58	224
FBtr0076140	FBtr0354524	91.875	160	13	0	5421	5580	821	980	1.09e-58	224
FBtr0076140	FBtr0354524	91.875	160	13	0	5661	5820	821	980	1.09e-58	224
FBtr0076140	FBtr0354524	92.308	156	12	0	4705	4860	825	980	3.93e-58	222
FBtr0076140	FBtr0354524	91.250	160	14	0	2781	2940	821	980	5.08e-57	219
FBtr0076140	FBtr0354524	91.250	160	14	0	3741	3900	821	980	5.08e-57	219
FBtr0076140	FBtr0354524	91.250	160	14	0	3981	4140	821	980	5.08e-57	219
FBtr0076140	FBtr0354524	91.250	160	14	0	5901	6060	821	980	5.08e-57	219
FBtr0076140	FBtr0354524	91.250	160	14	0	6141	6300	821	980	5.08e-57	219
FBtr0076140	FBtr0354524	91.250	160	14	0	6621	6780	821	980	5.08e-57	219
FBtr0076140	FBtr0354524	91.250	160	14	0	6861	7020	821	980	5.08e-57	219
FBtr0076140	FBtr0354524	91.667	156	13	0	4225	4380	825	980	1.83e-56	217
FBtr0076140	FBtr0354524	90.625	160	15	0	1821	1980	821	980	2.36e-55	213
FBtr0076140	FBtr0354524	90.625	160	15	0	6381	6540	821	980	2.36e-55	213
FBtr0076140	FBtr0354524	90.000	160	16	0	2301	2460	821	980	1.10e-53	207
FBtr0076140	FBtr0354524	90.000	160	16	0	3261	3420	821	980	1.10e-53	207
FBtr0076140	FBtr0354524	88.750	160	18	0	3021	3180	821	980	2.38e-50	196
FBtr0076214	FBtr0357634	80.952	357	52	8	36	392	34	374	2.88e-73	268
FBtr0076214	FBtr0348099	80.952	357	52	8	36	392	22	362	2.88e-73	268
FBtr0076423	FBtr0362800	87.154	506	20	6	162	667	119	579	1.20e-152	532
FBtr0076424	FBtr0362800	88.356	292	12	2	162	453	119	388	5.91e-92	331
FBtr0076424	FBtr0362800	96.045	177	7	0	674	850	403	579	3.61e-79	289
FBtr0076425	FBtr0362800	87.154	506	20	6	134	639	119	579	1.16e-152	532
FBtr0342577	FBtr0362800	87.154	506	20	6	134	639	119	579	1.32e-152	532
FBtr0076453	FBtr0362726	99.029	103	1	0	1	103	1482	1584	4.50e-48	185
FBtr0309504	FBtr0362726	99.029	103	1	0	1	103	1482	1584	4.69e-48	185
FBtr0076664	FBtr0214189	91.011	801	72	0	49	849	105	905	0.0	1081
FBtr0076665	FBtr0214189	90.955	785	71	0	47	831	121	905	0.0	1057
FBtr0346628	FBtr0214189	90.955	785	71	0	768	1552	121	905	0.0	1057
FBtr0076678	FBtr0214189	93.122	378	26	0	1227	1604	528	905	1.11e-158	555
FBtr0076678	FBtr0214189	88.971	408	45	0	768	1175	121	528	1.13e-143	505
FBtr0344802	FBtr0214189	90.955	785	71	0	768	1552	121	905	0.0	1057
FBtr0077069	FBtr0360996	88.661	829	85	1	627	1455	111	930	0.0	1002
FBtr0332936	FBtr0364834	80.042	476	84	11	2142	2613	2144	2612	1.89e-94	342
FBtr0332936	FBtr0364834	91.416	233	18	2	617	848	652	883	3.19e-87	318
FBtr0332936	FBtr0364834	77.958	431	73	16	1753	2178	1734	2147	1.18e-66	250
FBtr0307539	FBtr0364834	96.703	1729	42	7	1	1722	14	1734	0.0	2863
FBtr0307539	FBtr0364834	95.414	1701	63	6	1785	3479	1734	3425	0.0	2695
FBtr0340401	FBtr0364834	96.703	1729	42	7	1	1722	14	1734	0.0	2863
FBtr0340401	FBtr0364834	95.414	1701	63	6	1785	3479	1734	3425	0.0	2695
FBtr0077329	FBtr0350025	93.043	575	28	5	498	1072	448	1010	0.0	830
FBtr0077329	FBtr0350025	95.072	345	7	2	1	345	9	343	4.93e-153	534
FBtr0077365	FBtr0358207	87.908	827	65	13	31	853	1	796	0.0	941
FBtr0077365	FBtr0358207	88.172	465	25	16	1663	2120	1418	1859	1.87e-150	527
FBtr0077365	FBtr0358207	91.139	316	21	2	1309	1624	1103	1411	9.07e-119	422
FBtr0077365	FBtr0358207	89.251	307	24	6	948	1254	787	1084	7.16e-105	375
FBtr0077366	FBtr0358207	88.172	465	25	16	1276	1733	1418	1859	1.57e-150	527
FBtr0077366	FBtr0358207	95.833	288	12	0	179	466	509	796	3.46e-132	466
FBtr0077366	FBtr0358207	91.139	316	21	2	922	1237	1103	1411	7.60e-119	422
FBtr0077366	FBtr0358207	89.251	307	24	6	561	867	787	1084	6.00e-105	375
FBtr0077366	FBtr0358207	97.436	39	0	1	113	151	466	503	1.48e-11	65.8
FBtr0346429	FBtr0358207	89.262	745	47	12	250	993	84	796	0.0	902
FBtr0346429	FBtr0358207	88.172	465	25	16	1803	2260	1418	1859	1.98e-150	527
FBtr0346429	FBtr0358207	91.139	316	21	2	1449	1764	1103	1411	9.60e-119	422
FBtr0346429	FBtr0358207	89.251	307	24	6	1088	1394	787	1084	7.58e-105	375
FBtr0335046	FBtr0358207	87.787	827	63	14	31	850	1	796	0.0	933
FBtr0335046	FBtr0358207	88.172	465	25	16	1660	2117	1418	1859	1.87e-150	527
FBtr0335046	FBtr0358207	91.139	316	21	2	1306	1621	1103	1411	9.06e-119	422
FBtr0335046	FBtr0358207	89.251	307	24	6	945	1251	787	1084	7.15e-105	375
FBtr0077470	FBtr0213223	88.793	232	26	0	64	295	441	672	2.96e-78	285
FBtr0077470	FBtr0213223	83.333	246	25	7	65	294	198	443	1.42e-56	213
FBtr0334787	FBtr0213223	88.793	232	26	0	122	353	441	672	3.33e-78	285
FBtr0334787	FBtr0213223	83.333	246	25	7	123	352	198	443	1.60e-56	213
FBtr0077494	FBtr0223165	91.134	688	48	6	2	676	30	717	0.0	920
FBtr0077960	FBtr0361115	96.591	88	3	0	912	999	3133	3046	2.51e-36	147
