FBtr0345466	FBtr0089058	100.000	74	0	0	3263	3336	1	74	2.08e-34	137
FBtr0345466	FBtr0083794	100.000	74	0	0	3263	3336	1	74	2.08e-34	137
FBtr0345466	FBtr0083497	100.000	74	0	0	3263	3336	1	74	2.08e-34	137
FBtr0345466	FBtr0083496	100.000	74	0	0	3263	3336	1	74	2.08e-34	137
FBtr0345466	FBtr0083317	100.000	74	0	0	3263	3336	1	74	2.08e-34	137
FBtr0345466	FBtr0083285	100.000	74	0	0	3263	3336	1	74	2.08e-34	137
FBtr0345466	FBtr0079820	100.000	74	0	0	3263	3336	1	74	2.08e-34	137
FBtr0345466	FBtr0089059	98.649	74	1	0	3263	3336	1	74	9.70e-33	132
FBtr0301496	FBtr0075830	100.000	72	0	0	6297	6368	72	1	5.14e-33	134
FBtr0301496	FBtr0075830	100.000	72	0	0	6575	6646	1	72	5.14e-33	134
FBtr0301496	FBtr0075829	100.000	72	0	0	6297	6368	72	1	5.14e-33	134
FBtr0301496	FBtr0075829	100.000	72	0	0	6575	6646	1	72	5.14e-33	134
FBtr0301496	FBtr0075828	100.000	72	0	0	6297	6368	72	1	5.14e-33	134
FBtr0301496	FBtr0075828	100.000	72	0	0	6575	6646	1	72	5.14e-33	134
FBtr0301496	FBtr0080660	100.000	72	0	0	6297	6368	72	1	5.14e-33	134
FBtr0301496	FBtr0080660	100.000	72	0	0	6575	6646	1	72	5.14e-33	134
FBtr0301496	FBtr0080647	100.000	72	0	0	6297	6368	72	1	5.14e-33	134
FBtr0301496	FBtr0080647	100.000	72	0	0	6575	6646	1	72	5.14e-33	134
FBtr0301496	FBtr0080646	100.000	72	0	0	6297	6368	72	1	5.14e-33	134
FBtr0301496	FBtr0080646	100.000	72	0	0	6575	6646	1	72	5.14e-33	134
FBtr0301496	FBtr0080644	100.000	72	0	0	6297	6368	72	1	5.14e-33	134
FBtr0301496	FBtr0080644	100.000	72	0	0	6575	6646	1	72	5.14e-33	134
FBtr0301496	FBtr0070001	94.444	72	4	0	6297	6368	72	1	2.41e-26	111
FBtr0301496	FBtr0070001	94.444	72	4	0	6575	6646	1	72	2.41e-26	111
FBtr0310205	FBtr0077184	100.000	63	0	0	106	168	63	1	6.34e-28	117
FBtr0310205	FBtr0073857	100.000	63	0	0	106	168	63	1	6.34e-28	117
FBtr0310205	FBtr0091521	100.000	63	0	0	106	168	63	1	6.34e-28	117
FBtr0310205	FBtr0081923	100.000	63	0	0	106	168	63	1	6.34e-28	117
FBtr0310205	FBtr0073871	98.413	63	1	0	106	168	63	1	2.95e-26	111
FBtr0310205	FBtr0073863	98.413	63	1	0	106	168	63	1	2.95e-26	111
FBtr0310205	FBtr0073862	98.413	63	1	0	106	168	63	1	2.95e-26	111
FBtr0310205	FBtr0073861	98.413	63	1	0	106	168	63	1	2.95e-26	111
FBtr0310205	FBtr0073860	98.413	63	1	0	106	168	63	1	2.95e-26	111
FBtr0479647	FBtr0077184	100.000	61	0	0	33	93	61	1	5.28e-27	113
FBtr0479647	FBtr0073857	100.000	61	0	0	33	93	61	1	5.28e-27	113
FBtr0479647	FBtr0091521	100.000	61	0	0	33	93	61	1	5.28e-27	113
FBtr0479647	FBtr0081923	100.000	61	0	0	33	93	61	1	5.28e-27	113
FBtr0479647	FBtr0073871	100.000	58	0	0	36	93	58	1	2.46e-25	108
FBtr0479647	FBtr0073863	98.361	61	1	0	33	93	61	1	2.46e-25	108
FBtr0479647	FBtr0073862	98.361	61	1	0	33	93	61	1	2.46e-25	108
FBtr0479647	FBtr0073861	98.361	61	1	0	33	93	61	1	2.46e-25	108
FBtr0479647	FBtr0073860	98.361	61	1	0	33	93	61	1	2.46e-25	108
FBtr0339901	FBtr0072691	100.000	72	0	0	2419	2490	1	72	1.97e-33	134
FBtr0339901	FBtr0072690	100.000	72	0	0	2419	2490	1	72	1.97e-33	134
FBtr0339901	FBtr0072688	100.000	72	0	0	2419	2490	1	72	1.97e-33	134
FBtr0339901	FBtr0072687	100.000	72	0	0	2419	2490	1	72	1.97e-33	134
FBtr0339901	FBtr0072686	100.000	72	0	0	2419	2490	1	72	1.97e-33	134
FBtr0339901	FBtr0072685	100.000	72	0	0	2419	2490	1	72	1.97e-33	134
FBtr0339901	FBtr0072684	100.000	72	0	0	2419	2490	1	72	1.97e-33	134
FBtr0339901	FBtr0072683	100.000	72	0	0	2419	2490	1	72	1.97e-33	134
FBtr0339901	FBtr0072682	100.000	72	0	0	2419	2490	1	72	1.97e-33	134
FBtr0339901	FBtr0087128	98.611	72	1	0	2419	2490	1	72	9.17e-32	128
FBtr0339901	FBtr0086332	97.222	72	2	0	2419	2490	1	72	4.27e-30	122
FBtr0339901	FBtr0086445	97.222	72	2	0	2419	2490	1	72	4.27e-30	122
FBtr0339901	FBtr0078580	97.222	72	2	0	2419	2490	1	72	4.27e-30	122
FBtr0346438	FBtr0075244	100.000	72	0	0	2833	2904	72	1	2.28e-33	134
FBtr0346438	FBtr0075107	100.000	72	0	0	2833	2904	72	1	2.28e-33	134
FBtr0346438	FBtr0074600	100.000	72	0	0	2833	2904	72	1	2.28e-33	134
FBtr0346438	FBtr0070604	97.222	72	2	0	2833	2904	72	1	4.93e-30	122
FBtr0346438	FBtr0070001	97.222	72	2	0	2833	2904	72	1	4.93e-30	122
