TU5342	FBtr0304266	100.000	166	0	0	368	533	166	1	3.64e-86	307
FBtr0070215	FBtr0309676	100.000	133	0	0	2001	2133	1	133	3.47e-67	246
FBtr0339772	FBtr0309676	100.000	133	0	0	2042	2174	1	133	3.51e-67	246
FBtr0339773	FBtr0309676	100.000	133	0	0	1891	2023	1	133	3.34e-67	246
FBtr0339774	FBtr0309676	100.000	133	0	0	2001	2133	1	133	4.13e-67	246
FBtr0070813	FBtr0309657	100.000	109	0	0	1267	1375	1	109	3.67e-54	202
FBtr0112836	FBtr0304201	100.000	77	0	0	4466	4542	1	77	7.35e-36	143
FBtr0112836	FBtr0304464	100.000	30	0	0	4507	4536	48	77	9.84e-10	56.5
FBtr0080119	FBtr0309610	100.000	103	0	0	1788	1890	103	1	1.61e-50	191
FBtr0080187	FBtr0309697	100.000	132	0	0	1945	2076	1	132	1.84e-66	244
FBtr0301710	FBtr0309697	100.000	132	0	0	1941	2072	1	132	1.79e-66	244
FBtr0080873	FBtr0309684	100.000	66	0	0	157	222	52	117	7.06e-30	122
FBtr0080874	FBtr0309684	100.000	67	0	0	418	484	51	117	2.11e-30	124
FBtr0337091	FBtr0309684	100.000	66	0	0	157	222	52	117	9.15e-30	122
FBtr0081730	FBtr0445480	100.000	57	0	0	4535	4591	1	57	9.24e-25	106
FBtr0330192	FBtr0445480	100.000	57	0	0	4535	4591	1	57	9.24e-25	106
FBtr0330193	FBtr0445480	100.000	59	0	0	4648	4706	1	59	9.84e-26	110
FBtr0081842	FBtr0445486	100.000	77	0	0	930	1006	77	1	2.40e-36	143
FBtr0302314	FBtr0445486	100.000	77	0	0	928	1004	77	1	2.40e-36	143
FBtr0083051	FBtr0445492	100.000	61	0	0	2410	2470	1	61	3.59e-27	113
FBtr0083330	FBtr0304304	100.000	40	0	0	732	771	78	117	1.00e-15	75.0
FBtr0083810	FBtr0445471	100.000	59	0	0	4	62	1	59	4.81e-26	110
FBtr0084256	FBtr0309681	100.000	126	0	0	5298	5423	1	126	5.75e-63	233
FBtr0301485	FBtr0309681	100.000	126	0	0	4869	4994	1	126	5.57e-63	233
FBtr0334607	FBtr0309681	100.000	126	0	0	5198	5323	1	126	5.66e-63	233
FBtr0334608	FBtr0309681	100.000	126	0	0	5207	5332	1	126	5.67e-63	233
FBtr0334609	FBtr0309681	100.000	126	0	0	5162	5287	1	126	5.63e-63	233
FBtr0334610	FBtr0309681	100.000	126	0	0	5228	5353	1	126	5.69e-63	233
FBtr0334611	FBtr0309681	100.000	126	0	0	5504	5629	1	126	5.52e-63	233
FBtr0334612	FBtr0309681	100.000	126	0	0	5207	5332	1	126	8.01e-63	233
FBtr0345228	FBtr0309681	100.000	126	0	0	5207	5332	1	126	8.25e-63	233
FBtr0445401	FBtr0304252	100.000	100	0	0	2984	3083	1	100	8.69e-49	185
FBtr0085733	FBtr0309703	100.000	106	0	0	771	876	106	1	2.58e-52	196
FBtr0085734	FBtr0309703	100.000	106	0	0	639	744	106	1	2.42e-52	196
FBtr0085773	FBtr0309654	100.000	99	0	0	188	286	1	99	1.67e-48	183
FBtr0305121	FBtr0309654	100.000	99	0	0	188	286	1	99	1.61e-48	183
FBtr0086160	FBtr0309583	100.000	103	0	0	2388	2490	103	1	2.57e-50	191
FBtr0086161	FBtr0309583	100.000	103	0	0	2447	2549	103	1	2.60e-50	191
FBtr0086772	FBtr0472925	100.000	47	0	0	1	47	9	55	2.54e-19	87.9
FBtr0087640	FBtr0445465	100.000	57	0	0	2964	3020	57	1	6.23e-25	106
FBtr0089006	FBtr0309612	100.000	105	0	0	983	1087	1	105	1.32e-51	195
FBtr0089007	FBtr0309612	100.000	105	0	0	304	408	1	105	1.62e-51	195
FBtr0089008	FBtr0309612	100.000	105	0	0	906	1010	1	105	1.29e-51	195
FBtr0089009	FBtr0309612	100.000	105	0	0	304	408	1	105	8.79e-52	195
FBtr0074255	FBtr0309580	100.000	134	0	0	1695	1828	1	134	1.15e-67	248
FBtr0301652	FBtr0309580	95.238	42	1	1	1704	1744	93	134	2.59e-12	65.8
FBtr0310317	FBtr0309580	95.238	42	1	1	1456	1496	93	134	1.13e-12	65.8
FBtr0310446	FBtr0309580	100.000	134	0	0	1525	1658	1	134	1.45e-67	248
FBtr0302569	FBtr0304261	100.000	115	0	0	1784	1898	1	115	2.40e-57	213
FBtr0114559	FBtr0445453	100.000	61	0	0	1484	1544	1	61	2.00e-27	113
FBtr0114560	FBtr0445453	100.000	61	0	0	1502	1562	1	61	2.02e-27	113
FBtr0114561	FBtr0445453	100.000	61	0	0	1560	1620	1	61	2.09e-27	113
FBtr0340083	FBtr0445453	100.000	61	0	0	1521	1581	1	61	2.04e-27	113
FBtr0304846	FBtr0304230	100.000	100	0	0	5604	5703	1	100	1.60e-48	185
FBtr0347149	FBtr0304230	100.000	100	0	0	5683	5782	1	100	1.62e-48	185
FBtr0340006	FBtr0304315	100.000	98	0	0	2019	2116	1	98	7.27e-48	182
FBtr0081478	FBtr0445489	100.000	61	0	0	118	178	1	61	3.27e-27	113
FBtr0081479	FBtr0445489	100.000	61	0	0	192	252	1	61	5.83e-27	113
FBtr0081480	FBtr0445489	100.000	61	0	0	118	178	1	61	3.95e-27	113
FBtr0081481	FBtr0445489	100.000	61	0	0	176	236	1	61	5.81e-27	113
FBtr0071990	FBtr0309674	100.000	109	0	0	16	124	1	109	2.81e-54	202
FBtr0113114	FBtr0309651	100.000	109	0	0	3932	4040	109	1	1.18e-53	202
FBtr0309276	FBtr0309687	100.000	105	0	0	3391	3495	1	105	1.88e-51	195
FBtr0309278	FBtr0309687	100.000	105	0	0	3670	3774	1	105	1.99e-51	195
FBtr0309280	FBtr0309687	100.000	105	0	0	4320	4424	1	105	2.27e-51	195
FBtr0344238	FBtr0309687	100.000	105	0	0	3289	3393	1	105	1.83e-51	195
FBtr0344239	FBtr0309687	100.000	105	0	0	3496	3600	1	105	1.92e-51	195
FBtr0344240	FBtr0309687	100.000	105	0	0	3439	3543	1	105	1.90e-51	195
FBtr0344241	FBtr0309687	100.000	105	0	0	3613	3717	1	105	1.97e-51	195
FBtr0344242	FBtr0309687	100.000	105	0	0	3364	3468	1	105	1.86e-51	195
FBtr0331857	FBtr0309687	100.000	105	0	0	3595	3699	1	105	1.96e-51	195
FBtr0331247	FBtr0309706	100.000	117	0	0	650	766	1	117	2.57e-58	217
FBtr0331249	FBtr0309706	100.000	117	0	0	840	956	1	117	2.90e-58	217
FBtr0331250	FBtr0309706	100.000	117	0	0	804	920	1	117	2.87e-58	217
FBtr0331251	FBtr0309706	100.000	117	0	0	650	766	1	117	4.61e-58	217
FBtr0331253	FBtr0309706	100.000	117	0	0	706	822	1	117	1.73e-58	217
FBtr0331254	FBtr0309706	100.000	117	0	0	950	1066	1	117	1.96e-58	217
FBtr0331255	FBtr0309706	100.000	117	0	0	674	790	1	117	1.70e-58	217
FBtr0331256	FBtr0309706	100.000	117	0	0	840	956	1	117	3.84e-58	217
FBtr0331257	FBtr0309706	100.000	117	0	0	335	451	1	117	2.45e-58	217
FBtr0331258	FBtr0309706	100.000	117	0	0	335	451	1	117	5.32e-58	217
FBtr0331259	FBtr0309706	100.000	117	0	0	510	626	1	117	2.61e-58	217
FBtr0331260	FBtr0309706	100.000	117	0	0	840	956	1	117	1.86e-58	217
FBtr0331261	FBtr0309706	100.000	117	0	0	335	451	1	117	1.39e-58	217
FBtr0331262	FBtr0309706	100.000	117	0	0	674	790	1	117	2.76e-58	217
FBtr0331263	FBtr0309706	100.000	117	0	0	440	556	1	117	2.55e-58	217
FBtr0331264	FBtr0309706	100.000	117	0	0	674	790	1	117	3.63e-58	217
FBtr0331265	FBtr0309706	100.000	117	0	0	932	1048	1	117	1.94e-58	217
FBtr0331266	FBtr0309706	100.000	117	0	0	335	451	1	117	3.33e-58	217
FBtr0331268	FBtr0309706	100.000	117	0	0	730	846	1	117	1.75e-58	217
FBtr0331270	FBtr0309706	100.000	117	0	0	650	766	1	117	4.61e-58	217
FBtr0331271	FBtr0309706	100.000	117	0	0	674	790	1	117	3.63e-58	217
FBtr0336727	FBtr0309706	100.000	117	0	0	894	1010	1	117	2.95e-58	217
FBtr0336728	FBtr0309706	100.000	117	0	0	888	1004	1	117	1.90e-58	217
FBtr0336729	FBtr0309706	100.000	117	0	0	620	736	1	117	1.65e-58	217
FBtr0346796	FBtr0309706	100.000	117	0	0	596	712	1	117	1.63e-58	217
FBtr0347394	FBtr0304414	100.000	90	0	0	1775	1864	1	90	3.04e-43	167
FBtr0305157	FBtr0445468	100.000	61	0	0	3819	3879	1	61	1.17e-26	113
FBtr0333686	FBtr0445468	100.000	61	0	0	4552	4612	1	61	1.26e-26	113
FBtr0073615	FBtr0445462	100.000	50	0	0	3513	3562	1	50	5.79e-21	93.5
FBtr0073619	FBtr0445462	100.000	50	0	0	3230	3279	1	50	5.34e-21	93.5
FBtr0073897	FBtr0309615	100.000	77	0	0	5938	6014	1	77	9.76e-36	143
FBtr0074698	FBtr0309725	100.000	118	0	0	1343	1460	1	118	4.63e-59	219
FBtr0301307	FBtr0304448	100.000	95	0	0	3519	3613	95	1	6.22e-46	176
FBtr0343590	FBtr0304474	100.000	92	0	0	3167	3258	92	1	3.57e-44	171
FBtr0075435	FBtr0309722	100.000	103	0	0	2229	2331	1	103	2.05e-50	191
FBtr0076410	FBtr0309645	100.000	122	0	0	28	149	1	122	2.80e-61	226
FBtr0077570	FBtr0309606	100.000	111	0	0	2528	2638	1	111	7.15e-55	206
FBtr0077571	FBtr0309606	100.000	111	0	0	2661	2771	1	111	7.41e-55	206
FBtr0077894	FBtr0304391	100.000	115	0	0	710	824	1	115	1.07e-57	213
