TU18143	FBtr0299505	96.960	329	4	2	3	331	67	389	1.74e-158	547
TU18144	FBtr0299506	97.070	273	8	0	112	384	2837	3109	2.72e-132	460
TU18144	FBtr0299506	98.058	103	2	0	1	103	2376	2478	8.52e-48	180
TU18145	FBtr0299506	94.045	403	6	5	3	403	998	1384	8.26e-173	595
FBtr0335214	FBtr0299366	95.890	73	2	1	325	396	3	75	1.62e-28	117
FBtr0079304	FBtr0299324	93.671	79	5	0	490	568	79	1	4.51e-29	119
FBtr0082347	FBtr0299353	91.667	84	5	2	513	596	1	82	4.58e-28	115
FBtr0088631	FBtr0299342	97.059	136	4	0	1251	1386	138	3	3.27e-62	230
FBtr0071519	FBtr0299276	92.045	88	6	1	1264	1350	1	88	6.64e-30	122
FBtr0300861	FBtr0299317	98.876	89	1	0	2893	2981	1	89	9.98e-41	159
FBtr0300861	FBtr0299317	96.000	75	2	1	3143	3217	12	85	4.71e-29	121
FBtr0300861	FBtr0299314	100.000	82	0	0	2157	2238	1	82	1.67e-38	152
FBtr0300861	FBtr0299314	98.667	75	1	0	2399	2473	7	81	6.05e-33	134
FBtr0300861	FBtr0299314	97.297	74	2	0	2638	2711	7	80	1.01e-30	126
FBtr0300861	FBtr0299314	92.308	78	5	1	1914	1991	5	81	1.02e-25	110
FBtr0300861	FBtr0299316	98.795	83	1	0	2631	2713	1	83	2.16e-37	148
FBtr0300861	FBtr0299316	98.649	74	1	0	2163	2236	8	81	2.18e-32	132
FBtr0300861	FBtr0299316	98.649	74	1	0	2399	2472	8	81	2.18e-32	132
FBtr0300861	FBtr0299316	92.000	75	5	1	1916	1990	8	81	4.74e-24	104
FBtr0300861	FBtr0299318	95.506	89	4	0	3131	3219	1	89	1.01e-35	143
FBtr0300861	FBtr0299318	98.667	75	0	1	2904	2977	13	87	2.18e-32	132
FBtr0300861	FBtr0299313	98.765	81	0	1	2393	2473	1	80	1.01e-35	143
FBtr0300861	FBtr0299313	98.701	77	1	0	2161	2237	4	80	4.68e-34	137
FBtr0300861	FBtr0299313	97.297	74	2	0	2638	2711	6	79	1.01e-30	126
FBtr0300861	FBtr0299313	93.827	81	4	1	1911	1991	1	80	4.71e-29	121
FBtr0300861	FBtr0299315	98.649	74	1	0	2638	2711	8	81	2.18e-32	132
FBtr0300861	FBtr0299315	95.122	82	4	0	2392	2473	1	82	7.83e-32	130
FBtr0300861	FBtr0299315	96.154	78	3	0	2160	2237	5	82	2.81e-31	128
FBtr0300861	FBtr0299315	90.789	76	6	1	1916	1991	8	82	6.14e-23	100
FBtr0110916	FBtr0299343	95.588	68	3	0	1419	1486	1	68	1.44e-25	110
FBtr0110916	FBtr0299216	95.588	68	3	0	1419	1486	1	68	1.44e-25	110
FBtr0334563	FBtr0299343	95.588	68	3	0	1018	1085	1	68	1.41e-25	110
FBtr0334563	FBtr0299216	95.588	68	3	0	1018	1085	1	68	1.41e-25	110
FBtr0071136	FBtr0299445	92.742	124	9	0	133	256	3	126	2.70e-47	180
FBtr0340215	FBtr0299301	96.914	162	5	0	979	1140	162	1	5.04e-75	272
FBtr0333923	FBtr0299397	98.734	79	1	0	1194	1272	83	5	1.44e-35	141
FBtr0072805	FBtr0299400	96.429	56	2	0	961	1016	1	56	3.07e-21	93.5
FBtr0474640	FBtr0299400	94.521	73	4	0	961	1033	1	73	3.08e-27	113
FBtr0073098	FBtr0299407	100.000	31	0	0	1	31	32	62	7.17e-11	58.4
FBtr0302300	FBtr0299408	100.000	28	0	0	1	28	39	66	3.31e-09	52.8
