FBtr0345466	FBtr0299087	100.000	74	0	0	3263	3336	1	74	2.21e-34	137
FBtr0345466	FBtr0299086	100.000	74	0	0	3263	3336	1	74	2.21e-34	137
FBtr0345466	FBtr0299051	100.000	74	0	0	3263	3336	1	74	2.21e-34	137
FBtr0345466	FBtr0299034	100.000	74	0	0	3263	3336	1	74	2.21e-34	137
FBtr0345466	FBtr0299033	100.000	74	0	0	3263	3336	1	74	2.21e-34	137
FBtr0345466	FBtr0298878	100.000	74	0	0	3263	3336	1	74	2.21e-34	137
FBtr0345466	FBtr0298877	100.000	74	0	0	3263	3336	1	74	2.21e-34	137
FBtr0345466	FBtr0298860	100.000	74	0	0	3263	3336	1	74	2.21e-34	137
FBtr0301496	FBtr0299008	100.000	72	0	0	6297	6368	72	1	5.45e-33	134
FBtr0301496	FBtr0299008	100.000	72	0	0	6575	6646	1	72	5.45e-33	134
FBtr0301496	FBtr0299007	100.000	72	0	0	6297	6368	72	1	5.45e-33	134
FBtr0301496	FBtr0299007	100.000	72	0	0	6575	6646	1	72	5.45e-33	134
FBtr0301496	FBtr0299006	100.000	72	0	0	6297	6368	72	1	5.45e-33	134
FBtr0301496	FBtr0299006	100.000	72	0	0	6575	6646	1	72	5.45e-33	134
FBtr0301496	FBtr0298872	100.000	72	0	0	6297	6368	72	1	5.45e-33	134
FBtr0301496	FBtr0298872	100.000	72	0	0	6575	6646	1	72	5.45e-33	134
FBtr0301496	FBtr0298871	100.000	72	0	0	6297	6368	72	1	5.45e-33	134
FBtr0301496	FBtr0298871	100.000	72	0	0	6575	6646	1	72	5.45e-33	134
FBtr0301496	FBtr0298864	100.000	72	0	0	6297	6368	72	1	5.45e-33	134
FBtr0301496	FBtr0298864	100.000	72	0	0	6575	6646	1	72	5.45e-33	134
FBtr0310205	FBtr0299150	100.000	63	0	0	106	168	63	1	6.73e-28	117
FBtr0310205	FBtr0299142	100.000	63	0	0	106	168	63	1	6.73e-28	117
FBtr0310205	FBtr0299135	100.000	63	0	0	106	168	63	1	6.73e-28	117
FBtr0310205	FBtr0299132	100.000	63	0	0	106	168	63	1	6.73e-28	117
FBtr0310205	FBtr0299080	100.000	63	0	0	106	168	63	1	6.73e-28	117
FBtr0310205	FBtr0299079	100.000	63	0	0	106	168	63	1	6.73e-28	117
FBtr0479647	FBtr0299150	100.000	61	0	0	33	93	61	1	5.61e-27	113
FBtr0479647	FBtr0299142	100.000	61	0	0	33	93	61	1	5.61e-27	113
FBtr0479647	FBtr0299135	100.000	61	0	0	33	93	61	1	5.61e-27	113
FBtr0479647	FBtr0299132	100.000	61	0	0	33	93	61	1	5.61e-27	113
FBtr0479647	FBtr0299080	100.000	61	0	0	33	93	61	1	5.61e-27	113
FBtr0479647	FBtr0299079	100.000	61	0	0	33	93	61	1	5.61e-27	113
FBtr0079479	FBtr0299207	100.000	30	0	0	1	30	12	41	3.34e-10	56.5
FBtr0339901	FBtr0298983	100.000	72	0	0	2419	2490	1	72	2.09e-33	134
FBtr0339901	FBtr0298982	100.000	72	0	0	2419	2490	1	72	2.09e-33	134
FBtr0339901	FBtr0298981	100.000	72	0	0	2419	2490	1	72	2.09e-33	134
FBtr0339901	FBtr0298980	100.000	72	0	0	2419	2490	1	72	2.09e-33	134
FBtr0339901	FBtr0298979	100.000	72	0	0	2419	2490	1	72	2.09e-33	134
FBtr0339901	FBtr0298978	100.000	72	0	0	2419	2490	1	72	2.09e-33	134
FBtr0339901	FBtr0298977	100.000	72	0	0	2419	2490	1	72	2.09e-33	134
FBtr0339901	FBtr0298976	100.000	72	0	0	2419	2490	1	72	2.09e-33	134
FBtr0339901	FBtr0298959	98.611	72	1	0	2419	2490	1	72	9.74e-32	128
FBtr0339901	FBtr0299022	97.222	72	2	0	2419	2490	1	72	4.53e-30	122
FBtr0339901	FBtr0298941	97.222	72	2	0	2419	2490	1	72	4.53e-30	122
FBtr0339901	FBtr0298940	97.222	72	2	0	2419	2490	1	72	4.53e-30	122
FBtr0339901	FBtr0298939	97.222	72	2	0	2419	2490	1	72	4.53e-30	122
FBtr0339901	FBtr0298938	97.222	72	2	0	2419	2490	1	72	4.53e-30	122
FBtr0346438	FBtr0299148	100.000	72	0	0	2833	2904	72	1	2.42e-33	134
FBtr0346438	FBtr0299129	100.000	72	0	0	2833	2904	72	1	2.42e-33	134
FBtr0346438	FBtr0299017	100.000	72	0	0	2833	2904	72	1	2.42e-33	134
FBtr0346438	FBtr0299016	100.000	72	0	0	2833	2904	72	1	2.42e-33	134
FBtr0346438	FBtr0299147	97.222	72	2	0	2833	2904	72	1	5.23e-30	122
